17.74492 7.80302 49.05623
17.74492 7.80302 49.05623
17.74492 7.80302 49.05623
17.74492 7.80302 49.05623
17.74492 7.80302 49.05623
17.74492 7.80302 49.05623
17.74492 7.80302 49.05623
17.74492 7.80302 49.05623
17.74492 7.80302 49.05623
17.74492 7.80302 49.05623
17.74492 7.80302 49.05623
17.74492 7.80302 49.05623
17.74492 7.80302 49.05623
17.74492 7.80302 49.05623
17.74492 7.80302 49.05623
17.74492 7.80302 49.05623
17.74492 7.80302 49.05623
17.74492 7.80302 49.05623
17.74492 7.80302 49.05623
17.74492 7.80302 49.05623
17.74492 7.80302 49.05623
17.74492 7.80302 49.05623
17.74492 7.80302 49.05623
17.74492 7.80302 49.05623
17.74492 7.80302 49.05623
17.74492 7.80302 49.05623
17.74492 7.80302 49.05623
17.74492 7.80302 49.05623
17.74492 7.80302 49.05623
17.74492 7.80302 49.05623
17.74492 7.80302 49.05623
17.74492 7.80302 49.05623
17.74492 7.80302 49.05623
17.74492 7.80302 49.05623
17.74492 7.80302 49.05623
17.74492 7.80302 49.05623
17.74492 7.80302 49.05623
17.74492 7.80302 49.05623
17.74492 7.80302 49.05623
17.74492 7.80302 49.05623
17.74492 7.80302 49.05623
17.74492 7.80302 49.05623
17.74492 7.80302 49.05623
17.74492 7.80302 49.05623
17.74583 7.87777 49.09064
17.74583 7.87777 49.09064
17.74583 7.87777 49.09064
17.74583 7.87777 49.09064
17.74583 7.87777 49.09064
17.74583 7.87777 49.09064
17.74583 7.87777 49.09064
17.74583 7.87777 49.09064
17.74583 7.87777 49.09064
17.74583 7.87777 49.09064
17.74583 7.87777 49.09064
17.74583 7.87777 49.09064
17.74583 7.87777 49.09064
17.74583 7.87777 49.09064
17.74583 7.87777 49.09064
17.74583 7.87777 49.09064
17.74583 7.87777 49.09064
17.74583 7.87777 49.09064
17.74583 7.87777 49.09064
17.74583 7.87777 49.09064
17.74583 7.87777 49.09064
17.74583 7.87777 49.09064
17.74583 7.87777 49.09064
17.74583 7.87777 49.09064
17.74583 7.87777 49.09064
17.74583 7.87777 49.09064
17.74583 7.87777 49.09064
17.74583 7.87777 49.09064
17.74583 7.87777 49.09064
17.74583 7.87777 49.09064
17.74583 7.87777 49.09064
17.74583 7.87777 49.09064
17.74583 7.87777 49.09064
17.74583 7.87777 49.09064
17.74583 7.87777 49.09064
17.74583 7.87777 49.09064
17.74583 7.87777 49.09064
17.74583 7.87777 49.09064
17.74583 7.87777 49.09064
17.74583 7.87777 49.09064
17.74583 7.87777 49.09064
17.74583 7.87777 49.09064
