36.41291 30.37462 18.0542
36.41291 30.37462 18.0542
36.39713 30.35436 18.02359
36.41291 30.37462 18.0542
36.41291 30.37462 18.0542
36.41291 30.37462 18.0542
36.41291 30.37462 18.0542
36.41291 30.37462 18.0542
36.41291 30.37462 18.0542
36.39713 30.35436 18.02359
36.39713 30.35436 18.02359
36.39713 30.35436 18.02359
36.39713 30.35436 18.02359
36.41291 30.37462 18.0542
36.39713 30.35436 18.02359
36.41291 30.37462 18.0542
36.41291 30.37462 18.0542
36.41291 30.37462 18.0542
36.41291 30.37462 18.0542
36.41291 30.37462 18.0542
36.41291 30.37462 18.0542
36.41291 30.37462 18.0542
36.41291 30.37462 18.0542
36.41291 30.37462 18.0542
36.41291 30.37462 18.0542
36.41291 30.37462 18.0542
36.41291 30.37462 18.0542
36.41291 30.37462 18.0542
36.41291 30.37462 18.0542
36.41291 30.37462 18.0542
36.41291 30.37462 18.0542
36.41291 30.37462 18.0542
36.41291 30.37462 18.0542
36.41291 30.37462 18.0542
36.41291 30.37462 18.0542
36.41291 30.37462 18.0542
36.41291 30.37462 18.0542
36.41291 30.37462 18.0542
36.41291 30.37462 18.0542
36.41291 30.37462 18.0542
36.41291 30.37462 18.0542
36.41291 30.37462 18.0542
36.41291 30.37462 18.0542
36.41291 30.37462 18.0542
36.41291 30.37462 18.0542
36.41291 30.37462 18.0542
36.41291 30.37462 18.0542
36.41291 30.37462 18.0542
36.41291 30.37462 18.0542
36.41291 30.37462 18.0542
36.41291 30.37462 18.0542
36.41291 30.37462 18.0542
36.41291 30.37462 18.0542
36.41291 30.37462 18.0542
36.41291 30.37462 18.0542
36.41291 30.37462 18.0542
36.41291 30.37462 18.0542
36.41291 30.37462 18.0542
36.41291 30.37462 18.0542
36.41291 30.37462 18.0542
36.41291 30.37462 18.0542
36.41291 30.37462 18.0542
36.41291 30.37462 18.0542
36.41291 30.37462 18.0542
36.41291 30.37462 18.0542
36.41291 30.37462 18.0542
36.41291 30.37462 18.0542
36.41291 30.37462 18.0542
36.41291 30.37462 18.0542
36.41291 30.37462 18.0542
36.41291 30.37462 18.0542
36.41291 30.37462 18.0542
36.41291 30.37462 18.0542
36.41291 30.37462 18.0542
36.41291 30.37462 18.0542
36.41291 30.37462 18.0542
36.41291 30.37462 18.0542
36.41291 30.37462 18.0542
36.42173 30.38839 18.09677
36.42173 30.38839 18.09677
36.42173 30.38839 18.09677
36.42173 30.38839 18.09677
36.42173 30.38839 18.09677
36.42173 30.38839 18.09677
36.42173 30.38839 18.09677
36.42173 30.38839 18.09677
