52.2944 33.41078 1.04786
52.2944 33.41078 1.04786
52.2944 33.41078 1.04786
52.2944 33.41078 1.04786
52.2944 33.41078 1.04786
52.2944 33.41078 1.04786
52.2944 33.41078 1.04786
52.2944 33.41078 1.04786
52.2944 33.41078 1.04786
52.2944 33.41078 1.04786
52.2944 33.41078 1.04786
52.2944 33.41078 1.04786
52.2944 33.41078 1.04786
52.2944 33.41078 1.04786
52.2944 33.41078 1.04786
52.2944 33.41078 1.04786
52.2944 33.41078 1.04786
52.2944 33.41078 1.04786
52.2944 33.41078 1.04786
52.2944 33.41078 1.04786
52.2944 33.41078 1.04786
52.2944 33.41078 1.04786
52.2944 33.41078 1.04786
52.2944 33.41078 1.04786
52.2944 33.41078 1.04786
52.2944 33.41078 1.04786
52.2944 33.41078 1.04786
52.2944 33.41078 1.04786
52.2944 33.41078 1.04786
52.2944 33.41078 1.04786
52.2944 33.41078 1.04786
52.2944 33.41078 1.04786
52.2944 33.41078 1.04786
52.2944 33.41078 1.04786
52.2944 33.41078 1.04786
52.2944 33.41078 1.04786
52.2944 33.41078 1.04786
52.2944 33.41078 1.04786
52.2944 33.41078 1.04786
52.2944 33.41078 1.04786
52.2944 33.41078 1.04786
52.2944 33.41078 1.04786
52.2944 33.41078 1.04786
52.2944 33.41078 1.04786
52.2944 33.41078 1.04786
52.2944 33.41078 1.04786
52.2944 33.41078 1.04786
52.39861 33.42698 1.19115
52.39861 33.42698 1.19115
52.39861 33.42698 1.19115
52.39861 33.42698 1.19115
52.39861 33.42698 1.19115
52.39861 33.42698 1.19115
52.39861 33.42698 1.19115
52.39861 33.42698 1.19115
52.39861 33.42698 1.19115
52.39861 33.42698 1.19115
52.39861 33.42698 1.19115
52.39861 33.42698 1.19115
52.39861 33.42698 1.19115
52.39861 33.42698 1.19115
52.39861 33.42698 1.19115
52.39861 33.42698 1.19115
52.39861 33.42698 1.19115
52.39861 33.42698 1.19115
52.39861 33.42698 1.19115
52.39861 33.42698 1.19115
52.39861 33.42698 1.19115
52.39861 33.42698 1.19115
52.39861 33.42698 1.19115
52.39861 33.42698 1.19115
52.39861 33.42698 1.19115
52.39861 33.42698 1.19115
52.39861 33.42698 1.19115
52.39861 33.42698 1.19115
52.39861 33.42698 1.19115
52.39861 33.42698 1.19115
52.39861 33.42698 1.19115
52.39861 33.42698 1.19115
52.39861 33.42698 1.19115
52.39861 33.42698 1.19115
52.39861 33.42698 1.19115
52.39861 33.42698 1.19115
52.39861 33.42698 1.19115
52.39861 33.42698 1.19115
52.39861 33.42698 1.19115
