10.2146 50.94823 16.80597
10.2146 50.94823 16.80597
10.2146 50.94823 16.80597
10.2146 50.94823 16.80597
10.2146 50.94823 16.80597
10.2146 50.94823 16.80597
10.41097 51.10057 16.79308
10.41097 51.10057 16.79308
10.41097 51.10057 16.79308
10.41097 51.10057 16.79308
10.41097 51.10057 16.79308
10.41097 51.10057 16.79308
10.41097 51.10057 16.79308
10.57526 51.27294 16.75774
10.57526 51.27294 16.75774
10.57526 51.27294 16.75774
10.57526 51.27294 16.75774
10.57526 51.27294 16.75774
10.57526 51.27294 16.75774
10.69411 51.44456 16.71034
10.69411 51.44456 16.71034
10.69411 51.44456 16.71034
10.69411 51.44456 16.71034
10.69411 51.44456 16.71034
10.69411 51.44456 16.71034
10.69411 51.44456 16.71034
10.69411 51.44456 16.71034
10.69411 51.44456 16.71034
10.69411 51.44456 16.71034
10.69411 51.44456 16.71034
10.69411 51.44456 16.71034
10.69411 51.44456 16.71034
10.69411 51.44456 16.71034
10.69411 51.44456 16.71034
10.69411 51.44456 16.71034
10.8619 51.64017 16.63415
10.8619 51.64017 16.63415
10.8619 51.64017 16.63415
10.8619 51.64017 16.63415
10.8619 51.64017 16.63415
10.8619 51.64017 16.63415
10.8619 51.64017 16.63415
10.8619 51.64017 16.63415
10.8619 51.64017 16.63415
10.8619 51.64017 16.63415
10.8619 51.64017 16.63415
10.8619 51.64017 16.63415
10.8619 51.64017 16.63415
10.8619 51.64017 16.63415
10.8619 51.64017 16.63415
10.8619 51.64017 16.63415
10.8619 51.64017 16.63415
10.8619 51.64017 16.63415
10.8619 51.64017 16.63415
10.8619 51.64017 16.63415
10.8619 51.64017 16.63415
10.8619 51.64017 16.63415
10.8619 51.64017 16.63415
10.8619 51.64017 16.63415
10.96934 51.79572 16.58531
10.96934 51.79572 16.58531
10.96934 51.79572 16.58531
10.96934 51.79572 16.58531
10.96934 51.79572 16.58531
10.96934 51.79572 16.58531
10.96934 51.79572 16.58531
10.96934 51.79572 16.58531
10.96934 51.79572 16.58531
10.96934 51.79572 16.58531
10.96934 51.79572 16.58531
10.96934 51.79572 16.58531
10.96934 51.79572 16.58531
10.96934 51.79572 16.58531
10.96934 51.79572 16.58531
10.96934 51.79572 16.58531
10.96934 51.79572 16.58531
10.96934 51.79572 16.58531
10.96934 51.79572 16.58531
10.96934 51.79572 16.58531
10.96934 51.79572 16.58531
10.96934 51.79572 16.58531
10.96934 51.79572 16.58531
10.96934 51.79572 16.58531
10.96934 51.79572 16.58531
10.96934 51.79572 16.58531
10.96934 51.79572 16.58531
