43.89376 38.88111 57.17385
43.89376 38.88111 57.17385
43.89376 38.88111 57.17385
43.89376 38.88111 57.17385
43.89376 38.88111 57.17385
43.89376 38.88111 57.17385
43.89376 38.88111 57.17385
43.89376 38.88111 57.17385
43.89376 38.88111 57.17385
43.89376 38.88111 57.17385
43.89376 38.88111 57.17385
43.89376 38.88111 57.17385
43.89376 38.88111 57.17385
43.89376 38.88111 57.17385
43.89376 38.88111 57.17385
43.89376 38.88111 57.17385
43.89376 38.88111 57.17385
43.89376 38.88111 57.17385
43.89376 38.88111 57.17385
43.89376 38.88111 57.17385
43.89376 38.88111 57.17385
43.89376 38.88111 57.17385
43.89376 38.88111 57.17385
43.94895 38.836 57.18501
43.94895 38.836 57.18501
43.94895 38.836 57.18501
43.94895 38.836 57.18501
43.94895 38.836 57.18501
43.94895 38.836 57.18501
43.94895 38.836 57.18501
43.94895 38.836 57.18501
43.94895 38.836 57.18501
43.94895 38.836 57.18501
43.94895 38.836 57.18501
43.94895 38.836 57.18501
43.94895 38.836 57.18501
43.94895 38.836 57.18501
43.94895 38.836 57.18501
43.94895 38.836 57.18501
43.94895 38.836 57.18501
43.94895 38.836 57.18501
43.94895 38.836 57.18501
43.94895 38.836 57.18501
43.94895 38.836 57.18501
44.00803 38.79603 57.18548
44.00803 38.79603 57.18548
44.00803 38.79603 57.18548
44.00803 38.79603 57.18548
44.00803 38.79603 57.18548
44.00803 38.79603 57.18548
44.00803 38.79603 57.18548
44.00803 38.79603 57.18548
44.00803 38.79603 57.18548
44.00803 38.79603 57.18548
44.00803 38.79603 57.18548
44.00803 38.79603 57.18548
44.00803 38.79603 57.18548
44.00803 38.79603 57.18548
44.00803 38.79603 57.18548
44.00803 38.79603 57.18548
44.00803 38.79603 57.18548
44.00803 38.79603 57.18548
44.00803 38.79603 57.18548
44.00803 38.79603 57.18548
44.00803 38.79603 57.18548
44.00803 38.79603 57.18548
44.00803 38.79603 57.18548
44.00803 38.79603 57.18548
44.05106 38.72668 57.17561
44.05106 38.72668 57.17561
44.05106 38.72668 57.17561
44.05106 38.72668 57.17561
44.05106 38.72668 57.17561
44.05106 38.72668 57.17561
44.05106 38.72668 57.17561
44.05106 38.72668 57.17561
44.05106 38.72668 57.17561
44.05106 38.72668 57.17561
44.05106 38.72668 57.17561
44.05106 38.72668 57.17561
44.05106 38.72668 57.17561
44.05106 38.72668 57.17561
44.05106 38.72668 57.17561
44.05106 38.72668 57.17561
44.05106 38.72668 57.17561
44.05106 38.72668 57.17561
