38.41684 37.22145 33.51536
38.41684 37.22145 33.51536
38.41684 37.22145 33.51536
38.45963 37.20533 33.52427
38.45963 37.20533 33.52427
38.45963 37.20533 33.52427
38.45963 37.20533 33.52427
38.45963 37.20533 33.52427
38.45963 37.20533 33.52427
38.45963 37.20533 33.52427
38.45963 37.20533 33.52427
38.45963 37.20533 33.52427
38.45963 37.20533 33.52427
38.45963 37.20533 33.52427
38.45963 37.20533 33.52427
38.45963 37.20533 33.52427
38.45963 37.20533 33.52427
38.45963 37.20533 33.52427
38.45963 37.20533 33.52427
38.45963 37.20533 33.52427
38.45963 37.20533 33.52427
38.45963 37.20533 33.52427
38.45963 37.20533 33.52427
38.45963 37.20533 33.52427
38.45963 37.20533 33.52427
38.45963 37.20533 33.52427
38.50186 37.20473 33.54164
38.50186 37.20473 33.54164
38.50186 37.20473 33.54164
38.50186 37.20473 33.54164
38.50186 37.20473 33.54164
38.50186 37.20473 33.54164
38.50186 37.20473 33.54164
38.50186 37.20473 33.54164
38.50186 37.20473 33.54164
38.50186 37.20473 33.54164
38.50186 37.20473 33.54164
38.50186 37.20473 33.54164
38.50186 37.20473 33.54164
38.50186 37.20473 33.54164
38.50186 37.20473 33.54164
38.50186 37.20473 33.54164
38.50186 37.20473 33.54164
38.50186 37.20473 33.54164
38.50186 37.20473 33.54164
38.50186 37.20473 33.54164
38.50186 37.20473 33.54164
38.50186 37.20473 33.54164
38.50186 37.20473 33.54164
38.50186 37.20473 33.54164
38.50186 37.20473 33.54164
38.50186 37.20473 33.54164
38.50186 37.20473 33.54164
38.50186 37.20473 33.54164
38.50186 37.20473 33.54164
38.50186 37.20473 33.54164
38.50186 37.20473 33.54164
38.54567 37.19429 33.55891
38.54567 37.19429 33.55891
38.54567 37.19429 33.55891
38.54567 37.19429 33.55891
38.54567 37.19429 33.55891
38.54567 37.19429 33.55891
38.54567 37.19429 33.55891
38.54567 37.19429 33.55891
38.54567 37.19429 33.55891
38.54567 37.19429 33.55891
38.54567 37.19429 33.55891
38.54567 37.19429 33.55891
38.54567 37.19429 33.55891
38.54567 37.19429 33.55891
38.54567 37.19429 33.55891
38.54567 37.19429 33.55891
38.54567 37.19429 33.55891
38.54567 37.19429 33.55891
38.54567 37.19429 33.55891
38.54567 37.19429 33.55891
38.54567 37.19429 33.55891
38.54567 37.19429 33.55891
38.54567 37.19429 33.55891
38.54567 37.19429 33.55891
38.54567 37.19429 33.55891
38.54567 37.19429 33.55891
38.54567 37.19429 33.55891
38.54567 37.19429 33.55891
38.54567 37.19429 33.55891
