10.31319 34.73782 51.42094
10.31319 34.73782 51.42094
10.31319 34.73782 51.42094
10.43876 34.71582 51.49939
10.43876 34.71582 51.49939
10.43876 34.71582 51.49939
10.43876 34.71582 51.49939
10.43876 34.71582 51.49939
10.43876 34.71582 51.49939
10.43876 34.71582 51.49939
10.43876 34.71582 51.49939
10.43876 34.71582 51.49939
10.43876 34.71582 51.49939
10.43876 34.71582 51.49939
10.43876 34.71582 51.49939
10.43876 34.71582 51.49939
10.43876 34.71582 51.49939
10.43876 34.71582 51.49939
10.44289 34.72018 51.58715
10.44289 34.72018 51.58715
10.44289 34.72018 51.58715
10.44289 34.72018 51.58715
10.44289 34.72018 51.58715
10.44289 34.72018 51.58715
10.44289 34.72018 51.58715
10.44289 34.72018 51.58715
10.44289 34.72018 51.58715
10.44289 34.72018 51.58715
10.44289 34.72018 51.58715
10.44289 34.72018 51.58715
10.44289 34.72018 51.58715
10.44289 34.72018 51.58715
10.44289 34.72018 51.58715
10.44289 34.72018 51.58715
10.44289 34.72018 51.58715
10.44289 34.72018 51.58715
10.44289 34.72018 51.58715
10.44289 34.72018 51.58715
10.44289 34.72018 51.58715
10.44289 34.72018 51.58715
10.44289 34.72018 51.58715
10.52545 34.67541 51.7165
10.52545 34.67541 51.7165
10.52545 34.67541 51.7165
10.52545 34.67541 51.7165
10.52545 34.67541 51.7165
10.52545 34.67541 51.7165
10.52545 34.67541 51.7165
10.52545 34.67541 51.7165
10.52545 34.67541 51.7165
10.52545 34.67541 51.7165
10.52545 34.67541 51.7165
10.52545 34.67541 51.7165
10.52545 34.67541 51.7165
10.52545 34.67541 51.7165
10.52545 34.67541 51.7165
10.52545 34.67541 51.7165
10.52545 34.67541 51.7165
10.52545 34.67541 51.7165
10.52545 34.67541 51.7165
10.52545 34.67541 51.7165
10.52545 34.67541 51.7165
10.52545 34.67541 51.7165
10.52545 34.67541 51.7165
10.52545 34.67541 51.7165
10.52545 34.67541 51.7165
10.52545 34.67541 51.7165
10.52545 34.67541 51.7165
10.52545 34.67541 51.7165
10.62289 34.66286 51.8214
10.62289 34.66286 51.8214
10.62289 34.66286 51.8214
10.62289 34.66286 51.8214
10.62289 34.66286 51.8214
10.62289 34.66286 51.8214
10.62289 34.66286 51.8214
10.62289 34.66286 51.8214
10.62289 34.66286 51.8214
10.62289 34.66286 51.8214
10.62289 34.66286 51.8214
10.62289 34.66286 51.8214
10.62289 34.66286 51.8214
10.62289 34.66286 51.8214
10.62289 34.66286 51.8214
10.62289 34.66286 51.8214
10.62289 34.66286 51.8214
