3.28575 44.6083 47.53902
3.28575 44.6083 47.53902
3.28575 44.6083 47.53902
3.28575 44.6083 47.53902
3.28575 44.6083 47.53902
3.28575 44.6083 47.53902
3.28575 44.6083 47.53902
3.28575 44.6083 47.53902
3.28575 44.6083 47.53902
3.28575 44.6083 47.53902
3.28575 44.6083 47.53902
3.28575 44.6083 47.53902
3.28575 44.6083 47.53902
3.28575 44.6083 47.53902
3.31476 44.53218 47.5208
3.31476 44.53218 47.5208
3.31476 44.53218 47.5208
3.31476 44.53218 47.5208
3.31476 44.53218 47.5208
3.31476 44.53218 47.5208
3.31476 44.53218 47.5208
3.31476 44.53218 47.5208
3.31476 44.53218 47.5208
3.31476 44.53218 47.5208
3.31476 44.53218 47.5208
3.31476 44.53218 47.5208
3.38759 44.47732 47.55751
3.38759 44.47732 47.55751
3.38759 44.47732 47.55751
3.31476 44.53218 47.5208
3.31476 44.53218 47.5208
3.31476 44.53218 47.5208
3.31476 44.53218 47.5208
3.31476 44.53218 47.5208
3.31476 44.53218 47.5208
3.31476 44.53218 47.5208
3.31476 44.53218 47.5208
3.38759 44.47732 47.55751
3.38759 44.47732 47.55751
3.38759 44.47732 47.55751
3.38759 44.47732 47.55751
3.38759 44.47732 47.55751
3.38759 44.47732 47.55751
3.38759 44.47732 47.55751
3.38759 44.47732 47.55751
3.31476 44.53218 47.5208
3.31476 44.53218 47.5208
3.31476 44.53218 47.5208
3.31476 44.53218 47.5208
3.31476 44.53218 47.5208
3.31476 44.53218 47.5208
3.31476 44.53218 47.5208
3.31476 44.53218 47.5208
3.31476 44.53218 47.5208
3.31476 44.53218 47.5208
3.31476 44.53218 47.5208
3.31476 44.53218 47.5208
3.31476 44.53218 47.5208
3.31476 44.53218 47.5208
3.31476 44.53218 47.5208
3.31476 44.53218 47.5208
3.31476 44.53218 47.5208
3.31476 44.53218 47.5208
3.31476 44.53218 47.5208
3.31476 44.53218 47.5208
3.31476 44.53218 47.5208
3.31476 44.53218 47.5208
3.31476 44.53218 47.5208
3.31476 44.53218 47.5208
3.31476 44.53218 47.5208
3.31476 44.53218 47.5208
3.31476 44.53218 47.5208
3.31476 44.53218 47.5208
3.31476 44.53218 47.5208
3.31476 44.53218 47.5208
3.31476 44.53218 47.5208
3.31476 44.53218 47.5208
3.31476 44.53218 47.5208
3.31476 44.53218 47.5208
3.31476 44.53218 47.5208
3.31476 44.53218 47.5208
3.31476 44.53218 47.5208
3.31476 44.53218 47.5208
3.31476 44.53218 47.5208
3.31476 44.53218 47.5208
3.31476 44.53218 47.5208
