25.31284 28.01229 33.88559
25.31284 28.01229 33.88559
25.31284 28.01229 33.88559
25.31284 28.01229 33.88559
25.31284 28.01229 33.88559
25.31284 28.01229 33.88559
25.31284 28.01229 33.88559
25.31284 28.01229 33.88559
25.31284 28.01229 33.88559
25.31284 28.01229 33.88559
25.31284 28.01229 33.88559
25.31284 28.01229 33.88559
25.31284 28.01229 33.88559
25.31284 28.01229 33.88559
25.31284 28.01229 33.88559
25.31284 28.01229 33.88559
25.31284 28.01229 33.88559
25.31284 28.01229 33.88559
25.31284 28.01229 33.88559
25.31284 28.01229 33.88559
25.31284 28.01229 33.88559
25.31284 28.01229 33.88559
25.31284 28.01229 33.88559
25.31284 28.01229 33.88559
25.31284 28.01229 33.88559
25.31284 28.01229 33.88559
25.31284 28.01229 33.88559
25.31284 28.01229 33.88559
25.31284 28.01229 33.88559
25.31284 28.01229 33.88559
25.31284 28.01229 33.88559
25.31284 28.01229 33.88559
25.31284 28.01229 33.88559
25.31284 28.01229 33.88559
25.31284 28.01229 33.88559
25.31284 28.01229 33.88559
25.31284 28.01229 33.88559
25.31284 28.01229 33.88559
25.31284 28.01229 33.88559
25.31284 28.01229 33.88559
25.31284 28.01229 33.88559
25.31284 28.01229 33.88559
25.31284 28.01229 33.88559
25.31284 28.01229 33.88559
25.31284 28.01229 33.88559
25.31284 28.01229 33.88559
25.31284 28.01229 33.88559
25.31284 28.01229 33.88559
25.31284 28.01229 33.88559
25.31284 28.01229 33.88559
25.31284 28.01229 33.88559
25.31284 28.01229 33.88559
25.31284 28.01229 33.88559
25.31284 28.01229 33.88559
25.31284 28.01229 33.88559
25.31284 28.01229 33.88559
25.31284 28.01229 33.88559
25.31284 28.01229 33.88559
25.31284 28.01229 33.88559
25.31284 28.01229 33.88559
25.31284 28.01229 33.88559
25.31284 28.01229 33.88559
25.31284 28.01229 33.88559
25.31284 28.01229 33.88559
25.31284 28.01229 33.88559
25.31284 28.01229 33.88559
25.31284 28.01229 33.88559
25.31284 28.01229 33.88559
25.31284 28.01229 33.88559
25.31284 28.01229 33.88559
25.31284 28.01229 33.88559
25.31284 28.01229 33.88559
25.31284 28.01229 33.88559
25.31284 28.01229 33.88559
25.31284 28.01229 33.88559
25.31284 28.01229 33.88559
25.31284 28.01229 33.88559
25.31284 28.01229 33.88559
25.31284 28.01229 33.88559
25.31284 28.01229 33.88559
25.31284 28.01229 33.88559
25.31284 28.01229 33.88559
25.31284 28.01229 33.88559
25.31284 28.01229 33.88559
25.31284 28.01229 33.88559
25.31284 28.01229 33.88559
