9.91952 21.34193 35.77259
9.91952 21.34193 35.77259
9.91952 21.34193 35.77259
9.91952 21.34193 35.77259
9.91952 21.34193 35.77259
9.91952 21.34193 35.77259
9.91952 21.34193 35.77259
9.91952 21.34193 35.77259
9.91952 21.34193 35.77259
9.91952 21.34193 35.77259
10.00031 21.36832 35.79636
10.00031 21.36832 35.79636
10.00031 21.36832 35.79636
10.00031 21.36832 35.79636
10.00031 21.36832 35.79636
10.00031 21.36832 35.79636
10.00031 21.36832 35.79636
10.00031 21.36832 35.79636
10.00031 21.36832 35.79636
10.00031 21.36832 35.79636
10.00031 21.36832 35.79636
10.00031 21.36832 35.79636
10.00031 21.36832 35.79636
10.00031 21.36832 35.79636
10.00031 21.36832 35.79636
10.00031 21.36832 35.79636
10.00031 21.36832 35.79636
10.00031 21.36832 35.79636
10.00031 21.36832 35.79636
10.00031 21.36832 35.79636
10.00031 21.36832 35.79636
10.00031 21.36832 35.79636
10.00031 21.36832 35.79636
10.04359 21.43978 35.81241
10.04359 21.43978 35.81241
10.04359 21.43978 35.81241
10.04359 21.43978 35.81241
10.04359 21.43978 35.81241
10.04359 21.43978 35.81241
10.04359 21.43978 35.81241
10.04359 21.43978 35.81241
10.04359 21.43978 35.81241
10.04359 21.43978 35.81241
10.04359 21.43978 35.81241
10.04359 21.43978 35.81241
10.04359 21.43978 35.81241
10.04359 21.43978 35.81241
10.04359 21.43978 35.81241
10.04359 21.43978 35.81241
10.04359 21.43978 35.81241
10.04359 21.43978 35.81241
10.04359 21.43978 35.81241
10.04359 21.43978 35.81241
10.04359 21.43978 35.81241
10.04359 21.43978 35.81241
10.04359 21.43978 35.81241
10.04359 21.43978 35.81241
10.02125 21.5141 35.82936
10.02125 21.5141 35.82936
10.02125 21.5141 35.82936
10.02125 21.5141 35.82936
10.02125 21.5141 35.82936
10.02125 21.5141 35.82936
10.02125 21.5141 35.82936
10.02125 21.5141 35.82936
10.02125 21.5141 35.82936
10.02125 21.5141 35.82936
10.02125 21.5141 35.82936
10.02125 21.5141 35.82936
10.02125 21.5141 35.82936
10.02125 21.5141 35.82936
10.02125 21.5141 35.82936
10.02125 21.5141 35.82936
10.02125 21.5141 35.82936
10.02125 21.5141 35.82936
10.02125 21.5141 35.82936
10.02125 21.5141 35.82936
10.02125 21.5141 35.82936
10.02125 21.5141 35.82936
10.06803 21.56901 35.8554
10.06803 21.56901 35.8554
10.06803 21.56901 35.8554
10.06803 21.56901 35.8554
10.06803 21.56901 35.8554
10.06803 21.56901 35.8554
10.06803 21.56901 35.8554
