4.57953 32.29471 10.22322
4.57953 32.29471 10.22322
4.57953 32.29471 10.22322
4.57953 32.29471 10.22322
4.57953 32.29471 10.22322
4.57953 32.29471 10.22322
4.57953 32.29471 10.22322
4.57953 32.29471 10.22322
4.57953 32.29471 10.22322
4.57953 32.29471 10.22322
4.57953 32.29471 10.22322
4.57953 32.29471 10.22322
4.57953 32.29471 10.22322
4.64844 32.29278 10.2026
4.64844 32.29278 10.2026
4.64844 32.29278 10.2026
4.64844 32.29278 10.2026
4.64844 32.29278 10.2026
4.64844 32.29278 10.2026
4.64844 32.29278 10.2026
4.64844 32.29278 10.2026
4.64844 32.29278 10.2026
4.64844 32.29278 10.2026
4.64844 32.29278 10.2026
4.64844 32.29278 10.2026
4.64844 32.29278 10.2026
4.64844 32.29278 10.2026
4.64844 32.29278 10.2026
4.64844 32.29278 10.2026
4.64844 32.29278 10.2026
4.72779 32.29304 10.15297
4.72779 32.29304 10.15297
4.72779 32.29304 10.15297
4.72779 32.29304 10.15297
4.72779 32.29304 10.15297
4.72779 32.29304 10.15297
4.72779 32.29304 10.15297
4.72779 32.29304 10.15297
4.72779 32.29304 10.15297
4.72779 32.29304 10.15297
4.72779 32.29304 10.15297
4.72779 32.29304 10.15297
4.72779 32.29304 10.15297
4.72779 32.29304 10.15297
4.72779 32.29304 10.15297
4.72779 32.29304 10.15297
4.72779 32.29304 10.15297
4.72779 32.29304 10.15297
4.72779 32.29304 10.15297
4.78164 32.31927 10.10483
4.78164 32.31927 10.10483
4.78164 32.31927 10.10483
4.78164 32.31927 10.10483
4.78164 32.31927 10.10483
4.78164 32.31927 10.10483
4.78164 32.31927 10.10483
4.78164 32.31927 10.10483
4.78164 32.31927 10.10483
4.78164 32.31927 10.10483
4.78164 32.31927 10.10483
4.78164 32.31927 10.10483
4.78164 32.31927 10.10483
4.78164 32.31927 10.10483
4.72779 32.29304 10.15297
4.72779 32.29304 10.15297
4.72779 32.29304 10.15297
4.72779 32.29304 10.15297
4.72779 32.29304 10.15297
4.72779 32.29304 10.15297
4.72779 32.29304 10.15297
4.72779 32.29304 10.15297
4.72779 32.29304 10.15297
4.72779 32.29304 10.15297
4.72779 32.29304 10.15297
4.72779 32.29304 10.15297
4.72779 32.29304 10.15297
4.72779 32.29304 10.15297
4.72779 32.29304 10.15297
4.72779 32.29304 10.15297
4.72779 32.29304 10.15297
4.72779 32.29304 10.15297
4.72779 32.29304 10.15297
4.72779 32.29304 10.15297
4.72779 32.29304 10.15297
4.72779 32.29304 10.15297
4.72779 32.29304 10.15297
