61.85754 27.14367 46.05536
61.85754 27.14367 46.05536
61.85754 27.14367 46.05536
61.85754 27.14367 46.05536
61.85754 27.14367 46.05536
61.85754 27.14367 46.05536
61.85754 27.14367 46.05536
61.85754 27.14367 46.05536
61.85754 27.14367 46.05536
61.85754 27.14367 46.05536
61.85754 27.14367 46.05536
61.85754 27.14367 46.05536
61.85754 27.14367 46.05536
61.85754 27.14367 46.05536
61.85754 27.14367 46.05536
61.85754 27.14367 46.05536
61.85754 27.14367 46.05536
61.85754 27.14367 46.05536
61.85754 27.14367 46.05536
61.85754 27.14367 46.05536
61.86434 27.22472 46.06953
61.86434 27.22472 46.06953
61.86434 27.22472 46.06953
61.86434 27.22472 46.06953
61.86434 27.22472 46.06953
61.86434 27.22472 46.06953
61.86434 27.22472 46.06953
61.86434 27.22472 46.06953
61.86434 27.22472 46.06953
61.86434 27.22472 46.06953
61.86434 27.22472 46.06953
61.86434 27.22472 46.06953
61.86434 27.22472 46.06953
61.86434 27.22472 46.06953
61.86434 27.22472 46.06953
61.86434 27.22472 46.06953
61.86434 27.22472 46.06953
61.86434 27.22472 46.06953
61.86434 27.22472 46.06953
61.86434 27.22472 46.06953
61.86434 27.22472 46.06953
61.86434 27.22472 46.06953
61.86434 27.22472 46.06953
61.86434 27.22472 46.06953
61.86434 27.22472 46.06953
61.86434 27.22472 46.06953
61.86434 27.22472 46.06953
61.86434 27.22472 46.06953
61.86434 27.22472 46.06953
61.86434 27.22472 46.06953
61.86434 27.22472 46.06953
61.86434 27.22472 46.06953
61.86434 27.22472 46.06953
61.86434 27.22472 46.06953
61.86434 27.22472 46.06953
61.86434 27.22472 46.06953
61.86434 27.22472 46.06953
61.86434 27.22472 46.06953
61.86434 27.22472 46.06953
61.86434 27.22472 46.06953
61.86434 27.22472 46.06953
61.86434 27.22472 46.06953
61.86434 27.22472 46.06953
61.86434 27.22472 46.06953
61.86434 27.22472 46.06953
61.86434 27.22472 46.06953
61.86434 27.22472 46.06953
61.86434 27.22472 46.06953
61.86434 27.22472 46.06953
61.86434 27.22472 46.06953
61.86434 27.22472 46.06953
61.86434 27.22472 46.06953
61.86434 27.22472 46.06953
61.86434 27.22472 46.06953
61.86434 27.22472 46.06953
61.86434 27.22472 46.06953
61.86434 27.22472 46.06953
61.86434 27.22472 46.06953
61.86434 27.22472 46.06953
61.86434 27.22472 46.06953
61.86434 27.22472 46.06953
61.86434 27.22472 46.06953
61.86434 27.22472 46.06953
61.86434 27.22472 46.06953
61.86434 27.22472 46.06953
61.86434 27.22472 46.06953
