4.70723 44.21769 48.63916
4.70723 44.21769 48.63916
4.70723 44.21769 48.63916
4.70723 44.21769 48.63916
4.70723 44.21769 48.63916
4.70723 44.21769 48.63916
4.70723 44.21769 48.63916
4.70723 44.21769 48.63916
4.70723 44.21769 48.63916
4.70723 44.21769 48.63916
4.70723 44.21769 48.63916
4.70723 44.21769 48.63916
4.70723 44.21769 48.63916
4.70723 44.21769 48.63916
4.70723 44.21769 48.63916
4.70723 44.21769 48.63916
4.70723 44.21769 48.63916
4.70723 44.21769 48.63916
4.70723 44.21769 48.63916
4.70723 44.21769 48.63916
4.70723 44.21769 48.63916
4.70723 44.21769 48.63916
4.70723 44.21769 48.63916
4.70723 44.21769 48.63916
4.70723 44.21769 48.63916
4.70723 44.21769 48.63916
4.72386 44.17789 48.6134
4.72386 44.17789 48.6134
4.72386 44.17789 48.6134
4.70723 44.21769 48.63916
4.70723 44.21769 48.63916
4.70723 44.21769 48.63916
4.70723 44.21769 48.63916
4.70723 44.21769 48.63916
4.70723 44.21769 48.63916
4.70723 44.21769 48.63916
4.70723 44.21769 48.63916
4.72386 44.17789 48.6134
4.72386 44.17789 48.6134
4.72386 44.17789 48.6134
4.72386 44.17789 48.6134
4.72386 44.17789 48.6134
4.72386 44.17789 48.6134
4.72386 44.17789 48.6134
4.72386 44.17789 48.6134
4.70723 44.21769 48.63916
4.70723 44.21769 48.63916
4.70723 44.21769 48.63916
4.70723 44.21769 48.63916
4.70723 44.21769 48.63916
4.70723 44.21769 48.63916
4.70723 44.21769 48.63916
4.70723 44.21769 48.63916
4.70723 44.21769 48.63916
4.70723 44.21769 48.63916
4.70723 44.21769 48.63916
4.70723 44.21769 48.63916
4.70723 44.21769 48.63916
4.70723 44.21769 48.63916
4.70723 44.21769 48.63916
4.70723 44.21769 48.63916
4.70723 44.21769 48.63916
4.70723 44.21769 48.63916
4.70723 44.21769 48.63916
4.70723 44.21769 48.63916
4.70723 44.21769 48.63916
4.70723 44.21769 48.63916
4.70723 44.21769 48.63916
4.70723 44.21769 48.63916
4.70723 44.21769 48.63916
4.70723 44.21769 48.63916
4.70723 44.21769 48.63916
4.70723 44.21769 48.63916
4.70723 44.21769 48.63916
4.70723 44.21769 48.63916
4.70723 44.21769 48.63916
4.70723 44.21769 48.63916
4.70723 44.21769 48.63916
4.70723 44.21769 48.63916
4.70723 44.21769 48.63916
4.70723 44.21769 48.63916
4.70723 44.21769 48.63916
4.70723 44.21769 48.63916
4.70723 44.21769 48.63916
4.70723 44.21769 48.63916
4.70723 44.21769 48.63916
