40.38747 46.44968 24.88346
40.38747 46.44968 24.88346
40.38747 46.44968 24.88346
40.38747 46.44968 24.88346
40.38747 46.44968 24.88346
40.38747 46.44968 24.88346
40.38747 46.44968 24.88346
40.38747 46.44968 24.88346
40.38747 46.44968 24.88346
40.38747 46.44968 24.88346
40.38747 46.44968 24.88346
40.38747 46.44968 24.88346
40.38747 46.44968 24.88346
40.38747 46.44968 24.88346
40.38747 46.44968 24.88346
40.38747 46.44968 24.88346
40.38747 46.44968 24.88346
40.38747 46.44968 24.88346
40.38747 46.44968 24.88346
40.3375 46.20441 24.87996
40.3375 46.20441 24.87996
40.3375 46.20441 24.87996
40.3375 46.20441 24.87996
40.3375 46.20441 24.87996
40.3375 46.20441 24.87996
40.3375 46.20441 24.87996
40.3375 46.20441 24.87996
40.3375 46.20441 24.87996
40.3375 46.20441 24.87996
40.3375 46.20441 24.87996
40.3375 46.20441 24.87996
40.3375 46.20441 24.87996
40.31355 46.03173 24.8999
40.31355 46.03173 24.8999
40.31355 46.03173 24.8999
40.31355 46.03173 24.8999
40.31355 46.03173 24.8999
40.31355 46.03173 24.8999
40.31355 46.03173 24.8999
40.31355 46.03173 24.8999
40.31355 46.03173 24.8999
40.31355 46.03173 24.8999
40.31355 46.03173 24.8999
40.31355 46.03173 24.8999
40.31355 46.03173 24.8999
40.31355 46.03173 24.8999
40.31355 46.03173 24.8999
40.31355 46.03173 24.8999
40.31355 46.03173 24.8999
40.31355 46.03173 24.8999
40.31355 46.03173 24.8999
40.31355 46.03173 24.8999
40.31355 46.03173 24.8999
40.31355 46.03173 24.8999
40.36337 45.91669 24.92908
40.36337 45.91669 24.92908
40.36337 45.91669 24.92908
40.36337 45.91669 24.92908
40.36337 45.91669 24.92908
40.36337 45.91669 24.92908
40.36337 45.91669 24.92908
40.36337 45.91669 24.92908
40.36337 45.91669 24.92908
40.36337 45.91669 24.92908
40.36337 45.91669 24.92908
40.36337 45.91669 24.92908
40.36337 45.91669 24.92908
40.36337 45.91669 24.92908
40.36337 45.91669 24.92908
40.36337 45.91669 24.92908
40.36337 45.91669 24.92908
40.36337 45.91669 24.92908
40.36337 45.91669 24.92908
40.36337 45.91669 24.92908
40.36337 45.91669 24.92908
40.36337 45.91669 24.92908
40.36337 45.91669 24.92908
40.36337 45.91669 24.92908
40.36337 45.91669 24.92908
40.36337 45.91669 24.92908
40.36337 45.91669 24.92908
40.36337 45.91669 24.92908
40.36337 45.91669 24.92908
40.36337 45.91669 24.92908
40.36337 45.91669 24.92908
40.36337 45.91669 24.92908
