7.22542 49.10298 15.02173
7.22542 49.10298 15.02173
7.22542 49.10298 15.02173
7.22542 49.10298 15.02173
7.22542 49.10298 15.02173
7.22542 49.10298 15.02173
7.22542 49.10298 15.02173
7.22542 49.10298 15.02173
7.22542 49.10298 15.02173
7.22542 49.10298 15.02173
7.22542 49.10298 15.02173
7.22542 49.10298 15.02173
7.22542 49.10298 15.02173
7.22542 49.10298 15.02173
7.22542 49.10298 15.02173
7.22542 49.10298 15.02173
7.22542 49.10298 15.02173
7.22542 49.10298 15.02173
7.22542 49.10298 15.02173
7.22542 49.10298 15.02173
7.22542 49.10298 15.02173
7.22542 49.10298 15.02173
7.22542 49.10298 15.02173
7.22542 49.10298 15.02173
7.22542 49.10298 15.02173
7.22542 49.10298 15.02173
7.22542 49.10298 15.02173
7.22542 49.10298 15.02173
7.22542 49.10298 15.02173
7.22542 49.10298 15.02173
7.22542 49.10298 15.02173
7.22542 49.10298 15.02173
7.22542 49.10298 15.02173
7.22542 49.10298 15.02173
7.22542 49.10298 15.02173
7.22542 49.10298 15.02173
7.22542 49.10298 15.02173
7.22542 49.10298 15.02173
7.22542 49.10298 15.02173
7.22542 49.10298 15.02173
7.22542 49.10298 15.02173
7.22542 49.10298 15.02173
7.22542 49.10298 15.02173
7.22542 49.10298 15.02173
7.22542 49.10298 15.02173
7.22542 49.10298 15.02173
7.22542 49.10298 15.02173
7.22542 49.10298 15.02173
7.22542 49.10298 15.02173
7.22542 49.10298 15.02173
7.22542 49.10298 15.02173
7.22542 49.10298 15.02173
7.22542 49.10298 15.02173
7.22542 49.10298 15.02173
7.22542 49.10298 15.02173
7.22542 49.10298 15.02173
7.22542 49.10298 15.02173
7.22542 49.10298 15.02173
7.22542 49.10298 15.02173
7.14952 49.14812 14.97357
7.14952 49.14812 14.97357
7.14952 49.14812 14.97357
7.14952 49.14812 14.97357
7.14952 49.14812 14.97357
7.14952 49.14812 14.97357
7.14952 49.14812 14.97357
7.14952 49.14812 14.97357
7.14952 49.14812 14.97357
7.14952 49.14812 14.97357
7.14952 49.14812 14.97357
7.14952 49.14812 14.97357
7.14952 49.14812 14.97357
7.14952 49.14812 14.97357
7.14952 49.14812 14.97357
7.14952 49.14812 14.97357
7.14952 49.14812 14.97357
7.14952 49.14812 14.97357
7.14952 49.14812 14.97357
7.14952 49.14812 14.97357
7.14952 49.14812 14.97357
7.14952 49.14812 14.97357
7.14952 49.14812 14.97357
7.14952 49.14812 14.97357
7.14952 49.14812 14.97357
7.14952 49.14812 14.97357
7.14952 49.14812 14.97357
