50.85807 34.25163 60.32181
50.85807 34.25163 60.32181
50.85807 34.25163 60.32181
50.85807 34.25163 60.32181
50.85807 34.25163 60.32181
50.85807 34.25163 60.32181
50.85807 34.25163 60.32181
50.85807 34.25163 60.32181
50.85807 34.25163 60.32181
50.85807 34.25163 60.32181
50.85807 34.25163 60.32181
50.85807 34.25163 60.32181
50.85807 34.25163 60.32181
50.85807 34.25163 60.32181
50.85807 34.25163 60.32181
50.85807 34.25163 60.32181
50.85807 34.25163 60.32181
50.85807 34.25163 60.32181
50.85807 34.25163 60.32181
50.85807 34.25163 60.32181
50.85807 34.25163 60.32181
50.85807 34.25163 60.32181
50.85807 34.25163 60.32181
50.88839 34.22553 60.33483
50.88839 34.22553 60.33483
50.88839 34.22553 60.33483
50.88839 34.22553 60.33483
50.88839 34.22553 60.33483
50.88839 34.22553 60.33483
50.88839 34.22553 60.33483
50.88839 34.22553 60.33483
50.88839 34.22553 60.33483
50.88839 34.22553 60.33483
50.88839 34.22553 60.33483
50.88839 34.22553 60.33483
50.88839 34.22553 60.33483
50.88839 34.22553 60.33483
50.88839 34.22553 60.33483
50.88839 34.22553 60.33483
50.88839 34.22553 60.33483
50.88839 34.22553 60.33483
50.88839 34.22553 60.33483
50.88839 34.22553 60.33483
50.88839 34.22553 60.33483
50.88839 34.22553 60.33483
50.88839 34.22553 60.33483
50.88839 34.22553 60.33483
50.88839 34.22553 60.33483
50.88839 34.22553 60.33483
50.88839 34.22553 60.33483
50.88839 34.22553 60.33483
50.88839 34.22553 60.33483
50.88839 34.22553 60.33483
50.93474 34.19016 60.3442
50.93474 34.19016 60.3442
50.93474 34.19016 60.3442
50.93474 34.19016 60.3442
50.93474 34.19016 60.3442
50.93474 34.19016 60.3442
50.93474 34.19016 60.3442
50.93474 34.19016 60.3442
50.93474 34.19016 60.3442
50.93474 34.19016 60.3442
50.93474 34.19016 60.3442
50.93474 34.19016 60.3442
50.93474 34.19016 60.3442
50.93474 34.19016 60.3442
50.93474 34.19016 60.3442
50.93474 34.19016 60.3442
50.93474 34.19016 60.3442
50.93474 34.19016 60.3442
50.93474 34.19016 60.3442
50.93474 34.19016 60.3442
50.96724 34.1618 60.35032
50.96724 34.1618 60.35032
50.96724 34.1618 60.35032
50.96724 34.1618 60.35032
50.96724 34.1618 60.35032
50.96724 34.1618 60.35032
50.96724 34.1618 60.35032
50.96724 34.1618 60.35032
50.96724 34.1618 60.35032
50.96724 34.1618 60.35032
50.96724 34.1618 60.35032
50.96724 34.1618 60.35032
50.96724 34.1618 60.35032
