28.61704 7.35387 40.90777
28.61704 7.35387 40.90777
28.61704 7.35387 40.90777
28.61704 7.35387 40.90777
28.61704 7.35387 40.90777
28.61704 7.35387 40.90777
28.61704 7.35387 40.90777
28.61704 7.35387 40.90777
28.61704 7.35387 40.90777
28.61704 7.35387 40.90777
28.61704 7.35387 40.90777
28.61704 7.35387 40.90777
28.68352 7.34906 40.87148
28.68352 7.34906 40.87148
28.68352 7.34906 40.87148
28.68352 7.34906 40.87148
28.68352 7.34906 40.87148
28.68352 7.34906 40.87148
28.68352 7.34906 40.87148
28.68352 7.34906 40.87148
28.68352 7.34906 40.87148
28.68352 7.34906 40.87148
28.68352 7.34906 40.87148
28.68352 7.34906 40.87148
28.68352 7.34906 40.87148
28.75759 7.3354 40.84453
28.75759 7.3354 40.84453
28.75759 7.3354 40.84453
28.75759 7.3354 40.84453
28.75759 7.3354 40.84453
28.75759 7.3354 40.84453
28.75759 7.3354 40.84453
28.75759 7.3354 40.84453
28.75759 7.3354 40.84453
28.75759 7.3354 40.84453
28.75759 7.3354 40.84453
28.75759 7.3354 40.84453
28.75759 7.3354 40.84453
28.75759 7.3354 40.84453
28.75759 7.3354 40.84453
28.75759 7.3354 40.84453
28.75759 7.3354 40.84453
28.75759 7.3354 40.84453
28.75759 7.3354 40.84453
28.82008 7.35067 40.82797
28.82008 7.35067 40.82797
28.82008 7.35067 40.82797
28.82008 7.35067 40.82797
28.82008 7.35067 40.82797
28.82008 7.35067 40.82797
28.82008 7.35067 40.82797
28.82008 7.35067 40.82797
28.82008 7.35067 40.82797
28.82008 7.35067 40.82797
28.82008 7.35067 40.82797
28.82008 7.35067 40.82797
28.82008 7.35067 40.82797
28.82008 7.35067 40.82797
28.82008 7.35067 40.82797
28.82008 7.35067 40.82797
28.82008 7.35067 40.82797
28.82008 7.35067 40.82797
28.82008 7.35067 40.82797
28.82008 7.35067 40.82797
28.82008 7.35067 40.82797
28.82008 7.35067 40.82797
28.82008 7.35067 40.82797
28.82008 7.35067 40.82797
28.82008 7.35067 40.82797
28.82008 7.35067 40.82797
28.82008 7.35067 40.82797
28.82008 7.35067 40.82797
28.82008 7.35067 40.82797
28.82008 7.35067 40.82797
28.82008 7.35067 40.82797
28.87494 7.37637 40.78172
28.87494 7.37637 40.78172
28.87494 7.37637 40.78172
28.87494 7.37637 40.78172
28.87494 7.37637 40.78172
28.87494 7.37637 40.78172
28.87494 7.37637 40.78172
28.87494 7.37637 40.78172
28.87494 7.37637 40.78172
28.87494 7.37637 40.78172
28.87494 7.37637 40.78172
