3.29939 51.20976 50.20385
3.29939 51.20976 50.20385
3.29939 51.20976 50.20385
3.29939 51.20976 50.20385
3.29939 51.20976 50.20385
3.29939 51.20976 50.20385
3.29939 51.20976 50.20385
3.29939 51.20976 50.20385
3.29939 51.20976 50.20385
3.29939 51.20976 50.20385
3.29939 51.20976 50.20385
3.29939 51.20976 50.20385
3.29939 51.20976 50.20385
3.29939 51.20976 50.20385
3.29939 51.20976 50.20385
3.29939 51.20976 50.20385
3.29939 51.20976 50.20385
3.29939 51.20976 50.20385
3.29939 51.20976 50.20385
3.3656 51.23214 50.26476
3.3656 51.23214 50.26476
3.3656 51.23214 50.26476
3.3656 51.23214 50.26476
3.3656 51.23214 50.26476
3.3656 51.23214 50.26476
3.3656 51.23214 50.26476
3.3656 51.23214 50.26476
3.3656 51.23214 50.26476
3.3656 51.23214 50.26476
3.3656 51.23214 50.26476
3.3656 51.23214 50.26476
3.3656 51.23214 50.26476
3.3656 51.23214 50.26476
3.3656 51.23214 50.26476
3.3656 51.23214 50.26476
3.3656 51.23214 50.26476
3.3656 51.23214 50.26476
3.3656 51.23214 50.26476
3.3656 51.23214 50.26476
3.3656 51.23214 50.26476
3.3656 51.23214 50.26476
3.3656 51.23214 50.26476
3.3656 51.23214 50.26476
3.3656 51.23214 50.26476
3.3656 51.23214 50.26476
3.3656 51.23214 50.26476
3.3656 51.23214 50.26476
3.3656 51.23214 50.26476
3.3656 51.23214 50.26476
3.3656 51.23214 50.26476
3.3656 51.23214 50.26476
3.3656 51.23214 50.26476
3.3656 51.23214 50.26476
3.3656 51.23214 50.26476
3.3656 51.23214 50.26476
3.3656 51.23214 50.26476
3.3656 51.23214 50.26476
3.3656 51.23214 50.26476
3.3656 51.23214 50.26476
3.3656 51.23214 50.26476
3.3656 51.23214 50.26476
3.3656 51.23214 50.26476
3.3656 51.23214 50.26476
3.3656 51.23214 50.26476
3.3656 51.23214 50.26476
3.3656 51.23214 50.26476
3.3656 51.23214 50.26476
3.3656 51.23214 50.26476
3.3656 51.23214 50.26476
3.3656 51.23214 50.26476
3.3656 51.23214 50.26476
3.3656 51.23214 50.26476
3.3656 51.23214 50.26476
3.3656 51.23214 50.26476
3.3656 51.23214 50.26476
3.3656 51.23214 50.26476
3.3656 51.23214 50.26476
3.3656 51.23214 50.26476
3.3656 51.23214 50.26476
3.3656 51.23214 50.26476
3.3656 51.23214 50.26476
3.3656 51.23214 50.26476
3.3656 51.23214 50.26476
3.3656 51.23214 50.26476
3.3656 51.23214 50.26476
3.3656 51.23214 50.26476
