49.12692 37.08333 33.93108
49.12692 37.08333 33.93108
49.12692 37.08333 33.93108
49.12692 37.08333 33.93108
49.12692 37.08333 33.93108
49.12692 37.08333 33.93108
49.12692 37.08333 33.93108
49.12692 37.08333 33.93108
49.12692 37.08333 33.93108
49.12692 37.08333 33.93108
49.12692 37.08333 33.93108
49.12692 37.08333 33.93108
49.12692 37.08333 33.93108
49.12692 37.08333 33.93108
49.12692 37.08333 33.93108
49.12692 37.08333 33.93108
49.12692 37.08333 33.93108
49.08152 37.09365 33.86023
49.08152 37.09365 33.86023
49.08152 37.09365 33.86023
49.08152 37.09365 33.86023
49.08152 37.09365 33.86023
49.08152 37.09365 33.86023
49.08152 37.09365 33.86023
49.08152 37.09365 33.86023
49.08152 37.09365 33.86023
49.08152 37.09365 33.86023
49.08152 37.09365 33.86023
49.08152 37.09365 33.86023
49.08152 37.09365 33.86023
49.08152 37.09365 33.86023
49.08152 37.09365 33.86023
49.08152 37.09365 33.86023
49.08152 37.09365 33.86023
49.08152 37.09365 33.86023
49.08152 37.09365 33.86023
49.08152 37.09365 33.86023
49.08152 37.09365 33.86023
49.08152 37.09365 33.86023
49.08152 37.09365 33.86023
49.08152 37.09365 33.86023
49.08152 37.09365 33.86023
49.08152 37.09365 33.86023
49.08152 37.09365 33.86023
49.08152 37.09365 33.86023
49.08152 37.09365 33.86023
49.08152 37.09365 33.86023
49.08152 37.09365 33.86023
49.12692 37.08333 33.93108
49.12692 37.08333 33.93108
49.12692 37.08333 33.93108
49.12692 37.08333 33.93108
49.12692 37.08333 33.93108
49.12692 37.08333 33.93108
49.12692 37.08333 33.93108
49.12692 37.08333 33.93108
49.12692 37.08333 33.93108
49.12692 37.08333 33.93108
49.12692 37.08333 33.93108
49.08152 37.09365 33.86023
49.08152 37.09365 33.86023
49.08152 37.09365 33.86023
49.08152 37.09365 33.86023
49.08152 37.09365 33.86023
49.08152 37.09365 33.86023
49.12692 37.08333 33.93108
49.12692 37.08333 33.93108
49.12692 37.08333 33.93108
49.12692 37.08333 33.93108
49.12692 37.08333 33.93108
49.12692 37.08333 33.93108
49.12692 37.08333 33.93108
49.12692 37.08333 33.93108
49.12692 37.08333 33.93108
49.12692 37.08333 33.93108
49.12692 37.08333 33.93108
49.12692 37.08333 33.93108
49.12692 37.08333 33.93108
49.12692 37.08333 33.93108
49.12692 37.08333 33.93108
49.12692 37.08333 33.93108
49.12692 37.08333 33.93108
49.12692 37.08333 33.93108
49.12692 37.08333 33.93108
49.12692 37.08333 33.93108
49.12692 37.08333 33.93108
