19.29362 55.01446 38.27049
19.29362 55.01446 38.27049
19.29362 55.01446 38.27049
19.29362 55.01446 38.27049
19.29362 55.01446 38.27049
19.29362 55.01446 38.27049
19.29362 55.01446 38.27049
19.29362 55.01446 38.27049
19.29362 55.01446 38.27049
19.29362 55.01446 38.27049
19.29362 55.01446 38.27049
19.29362 55.01446 38.27049
19.29362 55.01446 38.27049
19.29362 55.01446 38.27049
19.29362 55.01446 38.27049
19.29362 55.01446 38.27049
19.29362 55.01446 38.27049
19.29362 55.01446 38.27049
19.29362 55.01446 38.27049
19.29362 55.01446 38.27049
19.29362 55.01446 38.27049
19.29362 55.01446 38.27049
19.29362 55.01446 38.27049
19.29362 55.01446 38.27049
19.29362 55.01446 38.27049
19.29362 55.01446 38.27049
19.29362 55.01446 38.27049
19.29362 55.01446 38.27049
19.29362 55.01446 38.27049
19.29362 55.01446 38.27049
19.29362 55.01446 38.27049
19.29362 55.01446 38.27049
19.33282 55.04086 38.27121
19.33282 55.04086 38.27121
19.33282 55.04086 38.27121
19.33282 55.04086 38.27121
19.33282 55.04086 38.27121
19.33282 55.04086 38.27121
19.33282 55.04086 38.27121
19.33282 55.04086 38.27121
19.33282 55.04086 38.27121
19.33282 55.04086 38.27121
19.33282 55.04086 38.27121
19.33282 55.04086 38.27121
19.33282 55.04086 38.27121
19.33282 55.04086 38.27121
19.33282 55.04086 38.27121
19.33282 55.04086 38.27121
19.33282 55.04086 38.27121
19.33282 55.04086 38.27121
19.33282 55.04086 38.27121
19.33282 55.04086 38.27121
19.33282 55.04086 38.27121
19.33282 55.04086 38.27121
19.33282 55.04086 38.27121
19.33282 55.04086 38.27121
19.33282 55.04086 38.27121
19.33282 55.04086 38.27121
19.33282 55.04086 38.27121
19.33282 55.04086 38.27121
19.33282 55.04086 38.27121
19.33282 55.04086 38.27121
19.33282 55.04086 38.27121
19.33282 55.04086 38.27121
19.33282 55.04086 38.27121
19.33282 55.04086 38.27121
19.33282 55.04086 38.27121
19.33282 55.04086 38.27121
19.33282 55.04086 38.27121
19.33282 55.04086 38.27121
19.33282 55.04086 38.27121
19.33282 55.04086 38.27121
19.33282 55.04086 38.27121
19.33282 55.04086 38.27121
19.33282 55.04086 38.27121
19.33282 55.04086 38.27121
19.33282 55.04086 38.27121
19.33282 55.04086 38.27121
19.33282 55.04086 38.27121
19.33282 55.04086 38.27121
19.33282 55.04086 38.27121
19.33282 55.04086 38.27121
19.33282 55.04086 38.27121
19.33282 55.04086 38.27121
19.36571 55.14151 38.22652
19.36571 55.14151 38.22652
