25.06767 29.44048 12.88341
25.06767 29.44048 12.88341
25.06767 29.44048 12.88341
25.06767 29.44048 12.88341
25.06767 29.44048 12.88341
25.06767 29.44048 12.88341
25.06767 29.44048 12.88341
25.06767 29.44048 12.88341
25.06767 29.44048 12.88341
25.06767 29.44048 12.88341
25.06767 29.44048 12.88341
25.06767 29.44048 12.88341
25.06767 29.44048 12.88341
25.06767 29.44048 12.88341
25.06767 29.44048 12.88341
25.06767 29.44048 12.88341
25.06767 29.44048 12.88341
25.06767 29.44048 12.88341
25.06767 29.44048 12.88341
25.06767 29.44048 12.88341
25.06767 29.44048 12.88341
25.07966 29.46906 12.93167
25.07966 29.46906 12.93167
25.07966 29.46906 12.93167
25.07966 29.46906 12.93167
25.07966 29.46906 12.93167
25.07966 29.46906 12.93167
25.07966 29.46906 12.93167
25.07966 29.46906 12.93167
25.07966 29.46906 12.93167
25.07966 29.46906 12.93167
25.07966 29.46906 12.93167
25.07966 29.46906 12.93167
25.07966 29.46906 12.93167
25.06767 29.44048 12.88341
25.06767 29.44048 12.88341
25.06767 29.44048 12.88341
25.06767 29.44048 12.88341
25.06767 29.44048 12.88341
25.06767 29.44048 12.88341
25.07966 29.46906 12.93167
25.07966 29.46906 12.93167
25.07966 29.46906 12.93167
25.07966 29.46906 12.93167
25.07966 29.46906 12.93167
25.07966 29.46906 12.93167
25.07966 29.46906 12.93167
25.07966 29.46906 12.93167
25.07966 29.46906 12.93167
25.07966 29.46906 12.93167
25.07966 29.46906 12.93167
25.07966 29.46906 12.93167
25.07966 29.46906 12.93167
25.07966 29.46906 12.93167
25.07966 29.46906 12.93167
25.07966 29.46906 12.93167
25.07966 29.46906 12.93167
25.07966 29.46906 12.93167
25.07966 29.46906 12.93167
25.07966 29.46906 12.93167
25.07966 29.46906 12.93167
25.07966 29.46906 12.93167
25.07966 29.46906 12.93167
25.07966 29.46906 12.93167
25.07966 29.46906 12.93167
25.07966 29.46906 12.93167
25.07966 29.46906 12.93167
25.07966 29.46906 12.93167
25.07966 29.46906 12.93167
25.07966 29.46906 12.93167
25.07966 29.46906 12.93167
25.07966 29.46906 12.93167
25.07966 29.46906 12.93167
25.07966 29.46906 12.93167
25.07966 29.46906 12.93167
25.07966 29.46906 12.93167
25.07966 29.46906 12.93167
25.07966 29.46906 12.93167
25.07966 29.46906 12.93167
25.07966 29.46906 12.93167
25.07966 29.46906 12.93167
25.07966 29.46906 12.93167
25.07966 29.46906 12.93167
25.07966 29.46906 12.93167
25.07966 29.46906 12.93167
25.07966 29.46906 12.93167
