1.62493 57.22578 52.58498
1.62493 57.22578 52.58498
1.62493 57.22578 52.58498
1.62493 57.22578 52.58498
1.62493 57.22578 52.58498
1.62493 57.22578 52.58498
1.62493 57.22578 52.58498
1.62493 57.22578 52.58498
1.62493 57.22578 52.58498
1.65961 57.28116 52.57122
1.65961 57.28116 52.57122
1.62493 57.22578 52.58498
1.62493 57.22578 52.58498
1.62493 57.22578 52.58498
1.62493 57.22578 52.58498
1.62493 57.22578 52.58498
1.62493 57.22578 52.58498
1.62493 57.22578 52.58498
1.62493 57.22578 52.58498
1.62493 57.22578 52.58498
1.62493 57.22578 52.58498
1.62493 57.22578 52.58498
1.62493 57.22578 52.58498
1.62493 57.22578 52.58498
1.62493 57.22578 52.58498
1.57169 57.24549 52.62762
1.57169 57.24549 52.62762
1.57169 57.24549 52.62762
1.57169 57.24549 52.62762
1.57169 57.24549 52.62762
1.57169 57.24549 52.62762
1.57169 57.24549 52.62762
1.57169 57.24549 52.62762
1.57169 57.24549 52.62762
1.57169 57.24549 52.62762
1.57169 57.24549 52.62762
1.57169 57.24549 52.62762
1.57169 57.24549 52.62762
1.57169 57.24549 52.62762
1.57169 57.24549 52.62762
1.57169 57.24549 52.62762
1.57169 57.24549 52.62762
1.57169 57.24549 52.62762
1.57169 57.24549 52.62762
1.57169 57.24549 52.62762
1.57169 57.24549 52.62762
1.57169 57.24549 52.62762
1.57169 57.24549 52.62762
1.57169 57.24549 52.62762
1.57169 57.24549 52.62762
1.57169 57.24549 52.62762
1.57169 57.24549 52.62762
1.57169 57.24549 52.62762
1.57169 57.24549 52.62762
1.57169 57.24549 52.62762
1.57169 57.24549 52.62762
1.57169 57.24549 52.62762
1.57169 57.24549 52.62762
1.57169 57.24549 52.62762
1.57169 57.24549 52.62762
1.53916 57.26273 52.66139
1.53916 57.26273 52.66139
1.53916 57.26273 52.66139
1.53916 57.26273 52.66139
1.53916 57.26273 52.66139
1.53916 57.26273 52.66139
1.53916 57.26273 52.66139
1.53916 57.26273 52.66139
1.53916 57.26273 52.66139
1.53916 57.26273 52.66139
1.53916 57.26273 52.66139
1.53916 57.26273 52.66139
1.53916 57.26273 52.66139
1.53916 57.26273 52.66139
1.53916 57.26273 52.66139
1.53916 57.26273 52.66139
1.53916 57.26273 52.66139
1.53916 57.26273 52.66139
1.53916 57.26273 52.66139
1.53916 57.26273 52.66139
1.53916 57.26273 52.66139
1.53916 57.26273 52.66139
1.53916 57.26273 52.66139
1.53916 57.26273 52.66139
1.53916 57.26273 52.66139
1.53916 57.26273 52.66139
