2.72346 44.11016 47.47216
2.72346 44.11016 47.47216
2.72346 44.11016 47.47216
2.72346 44.11016 47.47216
2.87982 44.14439 47.51216
3.04893 44.21261 47.53718
3.04893 44.21261 47.53718
3.04893 44.21261 47.53718
3.04893 44.21261 47.53718
3.04893 44.21261 47.53718
3.04893 44.21261 47.53718
3.04893 44.21261 47.53718
3.04893 44.21261 47.53718
3.04893 44.21261 47.53718
3.04893 44.21261 47.53718
3.04893 44.21261 47.53718
3.04893 44.21261 47.53718
3.04893 44.21261 47.53718
3.04893 44.21261 47.53718
3.04893 44.21261 47.53718
3.04893 44.21261 47.53718
4.06572 44.2177 48.25977
4.06572 44.2177 48.25977
4.06572 44.2177 48.25977
4.06572 44.2177 48.25977
4.06572 44.2177 48.25977
4.06572 44.2177 48.25977
4.06572 44.2177 48.25977
4.06572 44.2177 48.25977
3.04893 44.21261 47.53718
3.04893 44.21261 47.53718
3.04893 44.21261 47.53718
3.04893 44.21261 47.53718
3.04893 44.21261 47.53718
3.04893 44.21261 47.53718
3.04893 44.21261 47.53718
3.04893 44.21261 47.53718
4.06572 44.2177 48.25977
4.06572 44.2177 48.25977
4.06572 44.2177 48.25977
4.06572 44.2177 48.25977
4.06572 44.2177 48.25977
4.06572 44.2177 48.25977
4.06572 44.2177 48.25977
4.06572 44.2177 48.25977
3.04893 44.21261 47.53718
3.04893 44.21261 47.53718
3.04893 44.21261 47.53718
3.04893 44.21261 47.53718
3.04893 44.21261 47.53718
3.04893 44.21261 47.53718
3.04893 44.21261 47.53718
3.04893 44.21261 47.53718
3.04893 44.21261 47.53718
3.04893 44.21261 47.53718
3.04893 44.21261 47.53718
3.04893 44.21261 47.53718
3.04893 44.21261 47.53718
3.04893 44.21261 47.53718
3.04893 44.21261 47.53718
3.04893 44.21261 47.53718
3.04893 44.21261 47.53718
3.04893 44.21261 47.53718
3.04893 44.21261 47.53718
3.04893 44.21261 47.53718
3.04893 44.21261 47.53718
3.04893 44.21261 47.53718
3.04893 44.21261 47.53718
3.04893 44.21261 47.53718
3.04893 44.21261 47.53718
3.04893 44.21261 47.53718
3.04893 44.21261 47.53718
3.04893 44.21261 47.53718
3.04893 44.21261 47.53718
3.04893 44.21261 47.53718
3.04893 44.21261 47.53718
3.04893 44.21261 47.53718
3.04893 44.21261 47.53718
3.04893 44.21261 47.53718
3.04893 44.21261 47.53718
3.04893 44.21261 47.53718
3.04893 44.21261 47.53718
3.04893 44.21261 47.53718
3.04893 44.21261 47.53718
3.04893 44.21261 47.53718
3.04893 44.21261 47.53718
