48.98572 36.79259 33.98199
48.98572 36.79259 33.98199
48.98572 36.79259 33.98199
48.98572 36.79259 33.98199
48.98572 36.79259 33.98199
48.98572 36.79259 33.98199
49.08208 36.88251 34.1015
49.08208 36.88251 34.1015
49.08208 36.88251 34.1015
49.08208 36.88251 34.1015
49.08208 36.88251 34.1015
49.08208 36.88251 34.1015
49.08208 36.88251 34.1015
48.98572 36.79259 33.98199
48.98572 36.79259 33.98199
48.98572 36.79259 33.98199
48.98572 36.79259 33.98199
48.98572 36.79259 33.98199
48.98572 36.79259 33.98199
48.98572 36.79259 33.98199
48.98572 36.79259 33.98199
48.98572 36.79259 33.98199
48.98572 36.79259 33.98199
48.98572 36.79259 33.98199
48.98572 36.79259 33.98199
48.98572 36.79259 33.98199
48.98572 36.79259 33.98199
48.98572 36.79259 33.98199
48.98572 36.79259 33.98199
48.98572 36.79259 33.98199
48.98572 36.79259 33.98199
48.98572 36.79259 33.98199
48.98572 36.79259 33.98199
48.98572 36.79259 33.98199
48.98572 36.79259 33.98199
48.98572 36.79259 33.98199
48.98572 36.79259 33.98199
48.98572 36.79259 33.98199
48.98572 36.79259 33.98199
48.98572 36.79259 33.98199
48.98572 36.79259 33.98199
48.98572 36.79259 33.98199
48.98572 36.79259 33.98199
48.98572 36.79259 33.98199
48.98572 36.79259 33.98199
48.98572 36.79259 33.98199
48.98572 36.79259 33.98199
48.98572 36.79259 33.98199
48.98572 36.79259 33.98199
49.08208 36.88251 34.1015
49.08208 36.88251 34.1015
49.08208 36.88251 34.1015
49.08208 36.88251 34.1015
49.08208 36.88251 34.1015
49.08208 36.88251 34.1015
49.08208 36.88251 34.1015
49.08208 36.88251 34.1015
49.08208 36.88251 34.1015
49.08208 36.88251 34.1015
49.08208 36.88251 34.1015
48.98572 36.79259 33.98199
48.98572 36.79259 33.98199
48.98572 36.79259 33.98199
48.98572 36.79259 33.98199
48.98572 36.79259 33.98199
48.98572 36.79259 33.98199
48.98572 36.79259 33.98199
48.98572 36.79259 33.98199
48.98572 36.79259 33.98199
48.98572 36.79259 33.98199
48.98572 36.79259 33.98199
48.98572 36.79259 33.98199
48.98572 36.79259 33.98199
48.98572 36.79259 33.98199
48.98572 36.79259 33.98199
48.98572 36.79259 33.98199
48.98572 36.79259 33.98199
48.98572 36.79259 33.98199
48.98572 36.79259 33.98199
48.98572 36.79259 33.98199
48.98572 36.79259 33.98199
48.98572 36.79259 33.98199
48.98572 36.79259 33.98199
48.98572 36.79259 33.98199
48.98572 36.79259 33.98199
48.98572 36.79259 33.98199
