1.94879 57.64259 56.96379
1.94879 57.64259 56.96379
1.94879 57.64259 56.96379
1.96944 57.63313 56.83549
1.96944 57.63313 56.83549
1.96944 57.63313 56.83549
1.94879 57.64259 56.96379
1.96944 57.63313 56.83549
1.96944 57.63313 56.83549
1.94879 57.64259 56.96379
1.94879 57.64259 56.96379
1.94879 57.64259 56.96379
1.94879 57.64259 56.96379
1.94879 57.64259 56.96379
1.94879 57.64259 56.96379
1.94879 57.64259 56.96379
1.94879 57.64259 56.96379
1.94879 57.64259 56.96379
1.94879 57.64259 56.96379
1.94879 57.64259 56.96379
1.94879 57.64259 56.96379
1.94879 57.64259 56.96379
1.94879 57.64259 56.96379
1.96944 57.63313 56.83549
1.96944 57.63313 56.83549
1.96944 57.63313 56.83549
1.96944 57.63313 56.83549
1.96944 57.63313 56.83549
1.96944 57.63313 56.83549
1.96944 57.63313 56.83549
1.96944 57.63313 56.83549
1.96944 57.63313 56.83549
1.96944 57.63313 56.83549
1.96944 57.63313 56.83549
1.96944 57.63313 56.83549
1.96944 57.63313 56.83549
1.96944 57.63313 56.83549
1.96944 57.63313 56.83549
1.96944 57.63313 56.83549
1.96944 57.63313 56.83549
1.96944 57.63313 56.83549
1.96944 57.63313 56.83549
1.96944 57.63313 56.83549
1.96944 57.63313 56.83549
1.96944 57.63313 56.83549
1.96944 57.63313 56.83549
1.96944 57.63313 56.83549
1.96944 57.63313 56.83549
1.96944 57.63313 56.83549
1.96944 57.63313 56.83549
1.96944 57.63313 56.83549
1.96944 57.63313 56.83549
1.96944 57.63313 56.83549
1.96944 57.63313 56.83549
1.96944 57.63313 56.83549
1.96944 57.63313 56.83549
1.96944 57.63313 56.83549
1.96944 57.63313 56.83549
1.96944 57.63313 56.83549
1.96944 57.63313 56.83549
2.02315 57.61015 56.69928
2.02315 57.61015 56.69928
2.02315 57.61015 56.69928
2.02315 57.61015 56.69928
2.02315 57.61015 56.69928
2.02315 57.61015 56.69928
2.02315 57.61015 56.69928
2.02315 57.61015 56.69928
2.02315 57.61015 56.69928
2.02315 57.61015 56.69928
2.02315 57.61015 56.69928
2.02315 57.61015 56.69928
2.02315 57.61015 56.69928
2.02315 57.61015 56.69928
2.02315 57.61015 56.69928
2.02315 57.61015 56.69928
2.02315 57.61015 56.69928
2.02315 57.61015 56.69928
2.02315 57.61015 56.69928
2.02315 57.61015 56.69928
2.02315 57.61015 56.69928
2.02315 57.61015 56.69928
2.02315 57.61015 56.69928
2.02315 57.61015 56.69928
2.02315 57.61015 56.69928
2.02315 57.61015 56.69928
