58.36459 34.72863 50.71767
58.36459 34.72863 50.71767
58.36459 34.72863 50.71767
58.36459 34.72863 50.71767
58.36459 34.72863 50.71767
58.36459 34.72863 50.71767
58.36459 34.72863 50.71767
58.36459 34.72863 50.71767
58.36459 34.72863 50.71767
58.38504 34.72575 50.71696
58.36459 34.72863 50.71767
58.36459 34.72863 50.71767
58.36459 34.72863 50.71767
58.36459 34.72863 50.71767
58.38504 34.72575 50.71696
58.36459 34.72863 50.71767
58.36459 34.72863 50.71767
58.38504 34.72575 50.71696
58.38504 34.72575 50.71696
58.36459 34.72863 50.71767
58.36459 34.72863 50.71767
58.36459 34.72863 50.71767
58.36459 34.72863 50.71767
58.36459 34.72863 50.71767
58.36459 34.72863 50.71767
58.36459 34.72863 50.71767
58.36459 34.72863 50.71767
58.36459 34.72863 50.71767
58.36459 34.72863 50.71767
58.36459 34.72863 50.71767
58.36459 34.72863 50.71767
58.36459 34.72863 50.71767
58.36459 34.72863 50.71767
58.36459 34.72863 50.71767
58.36459 34.72863 50.71767
58.36459 34.72863 50.71767
58.36459 34.72863 50.71767
58.36459 34.72863 50.71767
58.36459 34.72863 50.71767
58.36459 34.72863 50.71767
58.36459 34.72863 50.71767
58.36459 34.72863 50.71767
58.36459 34.72863 50.71767
58.36459 34.72863 50.71767
58.36459 34.72863 50.71767
58.38504 34.72575 50.71696
58.38504 34.72575 50.71696
58.38504 34.72575 50.71696
58.38504 34.72575 50.71696
58.38504 34.72575 50.71696
58.38504 34.72575 50.71696
58.38504 34.72575 50.71696
58.38504 34.72575 50.71696
58.38504 34.72575 50.71696
58.38504 34.72575 50.71696
58.38504 34.72575 50.71696
58.38504 34.72575 50.71696
58.38504 34.72575 50.71696
58.38504 34.72575 50.71696
58.38504 34.72575 50.71696
58.38504 34.72575 50.71696
58.38504 34.72575 50.71696
58.38504 34.72575 50.71696
58.38504 34.72575 50.71696
58.38504 34.72575 50.71696
58.38504 34.72575 50.71696
58.38504 34.72575 50.71696
58.38504 34.72575 50.71696
58.38504 34.72575 50.71696
58.38504 34.72575 50.71696
58.38504 34.72575 50.71696
58.38504 34.72575 50.71696
58.38504 34.72575 50.71696
58.38504 34.72575 50.71696
58.38504 34.72575 50.71696
58.38504 34.72575 50.71696
58.38504 34.72575 50.71696
58.38504 34.72575 50.71696
58.38504 34.72575 50.71696
58.38504 34.72575 50.71696
58.38504 34.72575 50.71696
58.38504 34.72575 50.71696
58.38504 34.72575 50.71696
58.38504 34.72575 50.71696
58.38504 34.72575 50.71696
58.38504 34.72575 50.71696
