35.63844 55.08627 40.15486
35.63844 55.08627 40.15486
35.63844 55.08627 40.15486
35.63844 55.08627 40.15486
35.62926 55.07362 40.11117
35.62926 55.07362 40.11117
35.62926 55.07362 40.11117
35.62926 55.07362 40.11117
35.62926 55.07362 40.11117
35.62926 55.07362 40.11117
35.62926 55.07362 40.11117
35.62926 55.07362 40.11117
35.62926 55.07362 40.11117
35.62926 55.07362 40.11117
35.62926 55.07362 40.11117
35.62926 55.07362 40.11117
35.62926 55.07362 40.11117
35.62926 55.07362 40.11117
35.62926 55.07362 40.11117
35.62926 55.07362 40.11117
35.62926 55.07362 40.11117
35.62926 55.07362 40.11117
35.62926 55.07362 40.11117
35.62926 55.07362 40.11117
35.62926 55.07362 40.11117
35.62926 55.07362 40.11117
35.62926 55.07362 40.11117
35.62926 55.07362 40.11117
35.62926 55.07362 40.11117
35.62926 55.07362 40.11117
35.62926 55.07362 40.11117
35.62926 55.07362 40.11117
35.62926 55.07362 40.11117
35.62926 55.07362 40.11117
35.62926 55.07362 40.11117
35.62926 55.07362 40.11117
35.62926 55.07362 40.11117
35.62926 55.07362 40.11117
35.62926 55.07362 40.11117
35.62926 55.07362 40.11117
35.62926 55.07362 40.11117
35.62926 55.07362 40.11117
35.62926 55.07362 40.11117
35.62926 55.07362 40.11117
35.62926 55.07362 40.11117
35.62926 55.07362 40.11117
35.62926 55.07362 40.11117
35.62926 55.07362 40.11117
35.62926 55.07362 40.11117
35.62926 55.07362 40.11117
35.62926 55.07362 40.11117
35.62926 55.07362 40.11117
35.62926 55.07362 40.11117
35.62926 55.07362 40.11117
35.65533 55.05453 40.0694
35.65533 55.05453 40.0694
35.65533 55.05453 40.0694
35.65533 55.05453 40.0694
35.65533 55.05453 40.0694
35.65533 55.05453 40.0694
35.65533 55.05453 40.0694
35.65533 55.05453 40.0694
35.65533 55.05453 40.0694
35.65533 55.05453 40.0694
35.65533 55.05453 40.0694
35.65533 55.05453 40.0694
35.65533 55.05453 40.0694
35.65533 55.05453 40.0694
35.65533 55.05453 40.0694
35.65533 55.05453 40.0694
35.65533 55.05453 40.0694
35.65533 55.05453 40.0694
35.65533 55.05453 40.0694
35.65533 55.05453 40.0694
35.65533 55.05453 40.0694
35.65533 55.05453 40.0694
35.65533 55.05453 40.0694
35.65533 55.05453 40.0694
35.65533 55.05453 40.0694
35.65533 55.05453 40.0694
35.65533 55.05453 40.0694
35.65533 55.05453 40.0694
35.65533 55.05453 40.0694
35.65533 55.05453 40.0694
35.65533 55.05453 40.0694
35.65533 55.05453 40.0694
