45.4054 28.00891 17.9819
45.4054 28.00891 17.9819
45.4054 28.00891 17.9819
45.4054 28.00891 17.9819
45.4054 28.00891 17.9819
45.4054 28.00891 17.9819
45.41145 28.10631 17.99621
45.41145 28.10631 17.99621
45.41145 28.10631 17.99621
45.41145 28.10631 17.99621
45.41145 28.10631 17.99621
45.41145 28.10631 17.99621
45.41145 28.10631 17.99621
45.41145 28.10631 17.99621
45.41145 28.10631 17.99621
45.41145 28.10631 17.99621
45.41145 28.10631 17.99621
45.41145 28.10631 17.99621
45.41145 28.10631 17.99621
45.41145 28.10631 17.99621
45.41145 28.10631 17.99621
45.41145 28.10631 17.99621
45.41145 28.10631 17.99621
45.41145 28.10631 17.99621
45.41145 28.10631 17.99621
45.41145 28.10631 17.99621
45.41145 28.10631 17.99621
45.41145 28.10631 17.99621
45.41145 28.10631 17.99621
45.41145 28.10631 17.99621
45.41145 28.10631 17.99621
45.41145 28.10631 17.99621
45.41145 28.10631 17.99621
45.41145 28.10631 17.99621
45.41145 28.10631 17.99621
45.41145 28.10631 17.99621
45.41145 28.10631 17.99621
45.41145 28.10631 17.99621
45.41145 28.10631 17.99621
45.41145 28.10631 17.99621
45.41145 28.10631 17.99621
45.41145 28.10631 17.99621
45.41145 28.10631 17.99621
45.41145 28.10631 17.99621
45.41145 28.10631 17.99621
45.41145 28.10631 17.99621
45.41145 28.10631 17.99621
45.41145 28.10631 17.99621
45.41145 28.10631 17.99621
45.41145 28.10631 17.99621
45.41145 28.10631 17.99621
45.41145 28.10631 17.99621
45.41145 28.10631 17.99621
45.41145 28.10631 17.99621
45.41145 28.10631 17.99621
45.41145 28.10631 17.99621
45.41145 28.10631 17.99621
45.41145 28.10631 17.99621
45.41145 28.10631 17.99621
45.41145 28.10631 17.99621
45.41145 28.10631 17.99621
45.41145 28.10631 17.99621
45.41145 28.10631 17.99621
45.41145 28.10631 17.99621
45.41145 28.10631 17.99621
45.41145 28.10631 17.99621
45.41145 28.10631 17.99621
45.41145 28.10631 17.99621
45.41145 28.10631 17.99621
45.41145 28.10631 17.99621
45.41145 28.10631 17.99621
45.41145 28.10631 17.99621
45.41145 28.10631 17.99621
45.41145 28.10631 17.99621
45.41145 28.10631 17.99621
45.41145 28.10631 17.99621
45.41145 28.10631 17.99621
45.41145 28.10631 17.99621
45.41145 28.10631 17.99621
45.41145 28.10631 17.99621
45.41145 28.10631 17.99621
45.41145 28.10631 17.99621
45.41145 28.10631 17.99621
45.41145 28.10631 17.99621
45.41145 28.10631 17.99621
45.41145 28.10631 17.99621
