3.03181 11.03251 61.20789
3.03181 11.03251 61.20789
3.03181 11.03251 61.20789
3.03181 11.03251 61.20789
3.03181 11.03251 61.20789
3.09032 11.19679 61.32177
3.09032 11.19679 61.32177
3.09032 11.19679 61.32177
3.09032 11.19679 61.32177
3.09032 11.19679 61.32177
3.09032 11.19679 61.32177
3.09032 11.19679 61.32177
3.09032 11.19679 61.32177
3.09032 11.19679 61.32177
3.09032 11.19679 61.32177
3.09032 11.19679 61.32177
3.09032 11.19679 61.32177
3.09032 11.19679 61.32177
3.09032 11.19679 61.32177
3.09032 11.19679 61.32177
3.09032 11.19679 61.32177
3.09032 11.19679 61.32177
3.09032 11.19679 61.32177
3.09032 11.19679 61.32177
3.09032 11.19679 61.32177
3.09032 11.19679 61.32177
3.09032 11.19679 61.32177
3.09032 11.19679 61.32177
3.09032 11.19679 61.32177
3.09032 11.19679 61.32177
3.09032 11.19679 61.32177
3.09032 11.19679 61.32177
3.09032 11.19679 61.32177
3.09032 11.19679 61.32177
3.09032 11.19679 61.32177
3.09032 11.19679 61.32177
3.09032 11.19679 61.32177
3.09032 11.19679 61.32177
3.05126 10.95642 61.14215
3.05126 10.95642 61.14215
3.05126 10.95642 61.14215
3.05126 10.95642 61.14215
3.05126 10.95642 61.14215
3.05126 10.95642 61.14215
3.05126 10.95642 61.14215
3.05126 10.95642 61.14215
3.05126 10.95642 61.14215
3.05126 10.95642 61.14215
3.05126 10.95642 61.14215
3.05126 10.95642 61.14215
3.05126 10.95642 61.14215
3.05126 10.95642 61.14215
3.05126 10.95642 61.14215
3.05126 10.95642 61.14215
3.05126 10.95642 61.14215
3.05126 10.95642 61.14215
3.05126 10.95642 61.14215
3.05126 10.95642 61.14215
3.05126 10.95642 61.14215
3.05126 10.95642 61.14215
3.05126 10.95642 61.14215
3.05126 10.95642 61.14215
3.05126 10.95642 61.14215
3.05126 10.95642 61.14215
3.05126 10.95642 61.14215
3.05126 10.95642 61.14215
3.09032 11.19679 61.32177
3.09032 11.19679 61.32177
3.09032 11.19679 61.32177
3.09032 11.19679 61.32177
3.09032 11.19679 61.32177
3.09032 11.19679 61.32177
3.09032 11.19679 61.32177
3.09032 11.19679 61.32177
3.09032 11.19679 61.32177
3.09032 11.19679 61.32177
3.09032 11.19679 61.32177
3.09032 11.19679 61.32177
3.09032 11.19679 61.32177
3.09032 11.19679 61.32177
3.09032 11.19679 61.32177
3.09032 11.19679 61.32177
3.09032 11.19679 61.32177
3.09032 11.19679 61.32177
3.09032 11.19679 61.32177
3.09032 11.19679 61.32177
