1.05884 49.62356 23.00787
1.05884 49.62356 23.00787
1.05884 49.62356 23.00787
1.05884 49.62356 23.00787
1.05884 49.62356 23.00787
1.05884 49.62356 23.00787
1.05884 49.62356 23.00787
1.05884 49.62356 23.00787
1.05884 49.62356 23.00787
1.05884 49.62356 23.00787
1.05884 49.62356 23.00787
1.05884 49.62356 23.00787
1.05884 49.62356 23.00787
1.05884 49.62356 23.00787
1.05884 49.62356 23.00787
1.05884 49.62356 23.00787
1.05884 49.62356 23.00787
1.05884 49.62356 23.00787
1.05884 49.62356 23.00787
1.05884 49.62356 23.00787
1.05884 49.62356 23.00787
1.05884 49.62356 23.00787
1.05884 49.62356 23.00787
1.05884 49.62356 23.00787
1.05884 49.62356 23.00787
1.05884 49.62356 23.00787
1.05884 49.62356 23.00787
1.05884 49.62356 23.00787
1.05884 49.62356 23.00787
1.05884 49.62356 23.00787
1.05884 49.62356 23.00787
1.05884 49.62356 23.00787
1.05884 49.62356 23.00787
1.05884 49.62356 23.00787
1.05884 49.62356 23.00787
1.05884 49.62356 23.00787
1.05884 49.62356 23.00787
1.05884 49.62356 23.00787
1.05884 49.62356 23.00787
1.05884 49.62356 23.00787
1.05884 49.62356 23.00787
1.05884 49.62356 23.00787
1.05884 49.62356 23.00787
1.05884 49.62356 23.00787
1.05884 49.62356 23.00787
1.05884 49.62356 23.00787
1.05884 49.62356 23.00787
1.05884 49.62356 23.00787
1.05884 49.62356 23.00787
1.05884 49.62356 23.00787
1.05884 49.62356 23.00787
1.05884 49.62356 23.00787
1.05884 49.62356 23.00787
1.05884 49.62356 23.00787
1.05884 49.62356 23.00787
1.05884 49.62356 23.00787
1.05884 49.62356 23.00787
1.05884 49.62356 23.00787
1.05884 49.62356 23.00787
1.05884 49.62356 23.00787
1.05884 49.62356 23.00787
1.05884 49.62356 23.00787
1.05884 49.62356 23.00787
1.05884 49.62356 23.00787
1.05884 49.62356 23.00787
1.05884 49.62356 23.00787
1.05884 49.62356 23.00787
1.05884 49.62356 23.00787
1.05884 49.62356 23.00787
1.05884 49.62356 23.00787
1.05884 49.62356 23.00787
1.05884 49.62356 23.00787
1.05884 49.62356 23.00787
1.05884 49.62356 23.00787
1.05884 49.62356 23.00787
1.05884 49.62356 23.00787
1.05884 49.62356 23.00787
1.05884 49.62356 23.00787
1.05884 49.62356 23.00787
1.05884 49.62356 23.00787
1.05884 49.62356 23.00787
1.05884 49.62356 23.00787
1.05884 49.62356 23.00787
1.05884 49.62356 23.00787
1.05884 49.62356 23.00787
1.05884 49.62356 23.00787
