41.81481 35.39798 5.3748
41.81481 35.39798 5.3748
41.85366 35.38674 5.32304
41.85366 35.38674 5.32304
41.85366 35.38674 5.32304
41.85366 35.38674 5.32304
41.85366 35.38674 5.32304
41.85366 35.38674 5.32304
41.85366 35.38674 5.32304
41.85366 35.38674 5.32304
41.85366 35.38674 5.32304
41.85366 35.38674 5.32304
41.85366 35.38674 5.32304
41.85366 35.38674 5.32304
41.85366 35.38674 5.32304
41.85366 35.38674 5.32304
41.85366 35.38674 5.32304
41.85366 35.38674 5.32304
41.85366 35.38674 5.32304
41.85366 35.38674 5.32304
41.85366 35.38674 5.32304
41.85366 35.38674 5.32304
41.85366 35.38674 5.32304
41.88094 35.36385 5.28911
41.88094 35.36385 5.28911
41.88094 35.36385 5.28911
41.88094 35.36385 5.28911
41.88094 35.36385 5.28911
41.88094 35.36385 5.28911
41.88094 35.36385 5.28911
41.88094 35.36385 5.28911
41.88094 35.36385 5.28911
41.88094 35.36385 5.28911
41.88094 35.36385 5.28911
41.88094 35.36385 5.28911
41.88094 35.36385 5.28911
41.88094 35.36385 5.28911
41.88094 35.36385 5.28911
41.88094 35.36385 5.28911
41.88094 35.36385 5.28911
41.88094 35.36385 5.28911
41.88094 35.36385 5.28911
41.88094 35.36385 5.28911
41.88094 35.36385 5.28911
41.88094 35.36385 5.28911
41.91611 35.34414 5.25271
41.91611 35.34414 5.25271
41.91611 35.34414 5.25271
41.91611 35.34414 5.25271
41.91611 35.34414 5.25271
41.91611 35.34414 5.25271
41.91611 35.34414 5.25271
41.91611 35.34414 5.25271
41.91611 35.34414 5.25271
41.91611 35.34414 5.25271
41.91611 35.34414 5.25271
41.91611 35.34414 5.25271
41.91611 35.34414 5.25271
41.91611 35.34414 5.25271
41.91611 35.34414 5.25271
41.91611 35.34414 5.25271
41.91611 35.34414 5.25271
41.91611 35.34414 5.25271
41.91611 35.34414 5.25271
41.91611 35.34414 5.25271
41.91611 35.34414 5.25271
41.91611 35.34414 5.25271
41.91611 35.34414 5.25271
41.91611 35.34414 5.25271
41.91611 35.34414 5.25271
41.91611 35.34414 5.25271
41.91611 35.34414 5.25271
41.91611 35.34414 5.25271
41.91611 35.34414 5.25271
41.91611 35.34414 5.25271
41.91611 35.34414 5.25271
41.91611 35.34414 5.25271
41.91611 35.34414 5.25271
41.91611 35.34414 5.25271
41.91611 35.34414 5.25271
41.91611 35.34414 5.25271
41.94436 35.33741 5.23909
41.94436 35.33741 5.23909
41.94436 35.33741 5.23909
41.94436 35.33741 5.23909
41.94436 35.33741 5.23909
