0.33042 39.63731 13.03103
0.33042 39.63731 13.03103
0.33042 39.63731 13.03103
0.33042 39.63731 13.03103
0.33042 39.63731 13.03103
0.33042 39.63731 13.03103
0.33042 39.63731 13.03103
0.33042 39.63731 13.03103
0.33042 39.63731 13.03103
0.33042 39.63731 13.03103
0.33042 39.63731 13.03103
0.33042 39.63731 13.03103
0.33042 39.63731 13.03103
0.33042 39.63731 13.03103
0.33042 39.63731 13.03103
0.33042 39.63731 13.03103
0.33042 39.63731 13.03103
0.33042 39.63731 13.03103
0.33042 39.63731 13.03103
0.33042 39.63731 13.03103
0.33042 39.63731 13.03103
0.33042 39.63731 13.03103
0.33042 39.63731 13.03103
0.33042 39.63731 13.03103
0.33042 39.63731 13.03103
0.33042 39.63731 13.03103
0.33042 39.63731 13.03103
0.33042 39.63731 13.03103
0.33042 39.63731 13.03103
0.33042 39.63731 13.03103
0.33042 39.63731 13.03103
0.33042 39.63731 13.03103
0.33042 39.63731 13.03103
0.33042 39.63731 13.03103
0.33042 39.63731 13.03103
0.33042 39.63731 13.03103
0.33042 39.63731 13.03103
0.33042 39.63731 13.03103
0.33042 39.63731 13.03103
0.33042 39.63731 13.03103
0.33884 39.66604 13.04492
0.33884 39.66604 13.04492
0.33884 39.66604 13.04492
0.33884 39.66604 13.04492
0.33884 39.66604 13.04492
0.33884 39.66604 13.04492
0.33884 39.66604 13.04492
0.33884 39.66604 13.04492
0.33884 39.66604 13.04492
0.33884 39.66604 13.04492
0.33884 39.66604 13.04492
0.33884 39.66604 13.04492
0.33884 39.66604 13.04492
0.33884 39.66604 13.04492
0.33884 39.66604 13.04492
0.33884 39.66604 13.04492
0.33884 39.66604 13.04492
0.33884 39.66604 13.04492
0.33884 39.66604 13.04492
0.33884 39.66604 13.04492
0.33884 39.66604 13.04492
0.33884 39.66604 13.04492
0.33884 39.66604 13.04492
0.33884 39.66604 13.04492
0.33884 39.66604 13.04492
0.33884 39.66604 13.04492
0.33884 39.66604 13.04492
0.33884 39.66604 13.04492
0.33884 39.66604 13.04492
0.33884 39.66604 13.04492
0.33884 39.66604 13.04492
0.33884 39.66604 13.04492
0.33884 39.66604 13.04492
0.33884 39.66604 13.04492
0.33884 39.66604 13.04492
0.33884 39.66604 13.04492
0.33042 39.63731 13.03103
0.33884 39.66604 13.04492
0.33884 39.66604 13.04492
0.33884 39.66604 13.04492
0.33884 39.66604 13.04492
0.33884 39.66604 13.04492
0.33884 39.66604 13.04492
0.33884 39.66604 13.04492
0.33884 39.66604 13.04492
0.33884 39.66604 13.04492
