36.64968 36.91874 34.59753
36.64968 36.91874 34.59753
36.64968 36.91874 34.59753
36.64968 36.91874 34.59753
36.64968 36.91874 34.59753
36.64968 36.91874 34.59753
36.64968 36.91874 34.59753
36.64968 36.91874 34.59753
36.64968 36.91874 34.59753
36.64968 36.91874 34.59753
36.64968 36.91874 34.59753
36.64968 36.91874 34.59753
36.64968 36.91874 34.59753
36.64968 36.91874 34.59753
36.64968 36.91874 34.59753
36.64968 36.91874 34.59753
36.64968 36.91874 34.59753
36.64968 36.91874 34.59753
36.64968 36.91874 34.59753
36.64968 36.91874 34.59753
36.64968 36.91874 34.59753
36.64968 36.91874 34.59753
36.66715 36.90288 34.58837
36.66715 36.90288 34.58837
36.66715 36.90288 34.58837
36.66715 36.90288 34.58837
36.66715 36.90288 34.58837
36.66715 36.90288 34.58837
36.66715 36.90288 34.58837
36.66715 36.90288 34.58837
36.66715 36.90288 34.58837
36.66715 36.90288 34.58837
36.66715 36.90288 34.58837
36.66715 36.90288 34.58837
36.66715 36.90288 34.58837
36.66715 36.90288 34.58837
36.66715 36.90288 34.58837
36.66715 36.90288 34.58837
36.66715 36.90288 34.58837
36.66715 36.90288 34.58837
36.66715 36.90288 34.58837
36.72255 36.91051 34.60883
36.72255 36.91051 34.60883
36.72255 36.91051 34.60883
36.72255 36.91051 34.60883
36.72255 36.91051 34.60883
36.72255 36.91051 34.60883
36.72255 36.91051 34.60883
36.72255 36.91051 34.60883
36.72255 36.91051 34.60883
36.72255 36.91051 34.60883
36.72255 36.91051 34.60883
36.72255 36.91051 34.60883
36.72255 36.91051 34.60883
36.72255 36.91051 34.60883
36.72255 36.91051 34.60883
36.72255 36.91051 34.60883
36.72255 36.91051 34.60883
36.72255 36.91051 34.60883
36.72255 36.91051 34.60883
36.72255 36.91051 34.60883
36.72255 36.91051 34.60883
36.72255 36.91051 34.60883
36.72255 36.91051 34.60883
36.72255 36.91051 34.60883
36.80757 36.92974 34.60581
36.80757 36.92974 34.60581
36.80757 36.92974 34.60581
36.80757 36.92974 34.60581
36.80757 36.92974 34.60581
36.80757 36.92974 34.60581
36.80757 36.92974 34.60581
36.80757 36.92974 34.60581
36.80757 36.92974 34.60581
36.80757 36.92974 34.60581
36.80757 36.92974 34.60581
36.80757 36.92974 34.60581
36.80757 36.92974 34.60581
36.80757 36.92974 34.60581
36.80757 36.92974 34.60581
36.80757 36.92974 34.60581
36.80757 36.92974 34.60581
36.80757 36.92974 34.60581
36.80757 36.92974 34.60581
36.80757 36.92974 34.60581
36.80757 36.92974 34.60581
