9.88364 35.23473 37.42103
9.88364 35.23473 37.42103
9.88364 35.23473 37.42103
9.88364 35.23473 37.42103
9.88364 35.23473 37.42103
9.88364 35.23473 37.42103
9.88364 35.23473 37.42103
9.88364 35.23473 37.42103
9.88364 35.23473 37.42103
9.88364 35.23473 37.42103
9.88364 35.23473 37.42103
9.88364 35.23473 37.42103
9.88364 35.23473 37.42103
9.88364 35.23473 37.42103
9.88364 35.23473 37.42103
9.88364 35.23473 37.42103
9.88364 35.23473 37.42103
9.88364 35.23473 37.42103
9.88364 35.23473 37.42103
9.88364 35.23473 37.42103
9.88364 35.23473 37.42103
9.88364 35.23473 37.42103
9.88364 35.23473 37.42103
9.88364 35.23473 37.42103
9.88364 35.23473 37.42103
9.88364 35.23473 37.42103
9.88364 35.23473 37.42103
9.88364 35.23473 37.42103
9.88364 35.23473 37.42103
9.88364 35.23473 37.42103
9.88364 35.23473 37.42103
9.88364 35.23473 37.42103
9.88364 35.23473 37.42103
9.88364 35.23473 37.42103
9.88364 35.23473 37.42103
9.88364 35.23473 37.42103
9.88364 35.23473 37.42103
9.88364 35.23473 37.42103
9.88364 35.23473 37.42103
9.88364 35.23473 37.42103
9.88364 35.23473 37.42103
9.88364 35.23473 37.42103
9.88364 35.23473 37.42103
9.88364 35.23473 37.42103
9.88364 35.23473 37.42103
9.88364 35.23473 37.42103
9.88364 35.23473 37.42103
9.88364 35.23473 37.42103
9.88364 35.23473 37.42103
9.88364 35.23473 37.42103
9.88364 35.23473 37.42103
9.88364 35.23473 37.42103
9.88364 35.23473 37.42103
9.88364 35.23473 37.42103
9.88364 35.23473 37.42103
9.88364 35.23473 37.42103
9.88364 35.23473 37.42103
9.88364 35.23473 37.42103
9.88364 35.23473 37.42103
9.88364 35.23473 37.42103
9.88364 35.23473 37.42103
9.88364 35.23473 37.42103
9.88364 35.23473 37.42103
9.88364 35.23473 37.42103
9.88364 35.23473 37.42103
9.88364 35.23473 37.42103
9.88364 35.23473 37.42103
9.88364 35.23473 37.42103
9.88364 35.23473 37.42103
9.88364 35.23473 37.42103
9.88364 35.23473 37.42103
9.88364 35.23473 37.42103
9.88364 35.23473 37.42103
9.88364 35.23473 37.42103
9.88364 35.23473 37.42103
9.91921 35.27889 37.4942
9.91921 35.27889 37.4942
9.91921 35.27889 37.4942
9.91921 35.27889 37.4942
9.91921 35.27889 37.4942
9.91921 35.27889 37.4942
9.91921 35.27889 37.4942
9.91921 35.27889 37.4942
9.91921 35.27889 37.4942
9.91921 35.27889 37.4942
9.91921 35.27889 37.4942
