3.04873 57.51551 52.70671
3.07416 57.52524 52.71553
3.07416 57.52524 52.71553
3.07416 57.52524 52.71553
61.91246 57.69871 53.36591
61.91246 57.69871 53.36591
61.91246 57.69871 53.36591
61.91246 57.69871 53.36591
61.91246 57.69871 53.36591
61.91246 57.69871 53.36591
61.91246 57.69871 53.36591
62.10334 57.84846 53.32226
62.10334 57.84846 53.32226
62.10334 57.84846 53.32226
62.10334 57.84846 53.32226
62.10334 57.84846 53.32226
62.10334 57.84846 53.32226
62.10334 57.84846 53.32226
62.10334 57.84846 53.32226
62.10334 57.84846 53.32226
62.10334 57.84846 53.32226
62.10334 57.84846 53.32226
62.10334 57.84846 53.32226
62.10334 57.84846 53.32226
62.10334 57.84846 53.32226
62.26101 57.90994 53.28058
62.26101 57.90994 53.28058
62.26101 57.90994 53.28058
62.26101 57.90994 53.28058
62.26101 57.90994 53.28058
62.26101 57.90994 53.28058
62.26101 57.90994 53.28058
62.26101 57.90994 53.28058
62.26101 57.90994 53.28058
62.26101 57.90994 53.28058
62.26101 57.90994 53.28058
62.26101 57.90994 53.28058
62.26101 57.90994 53.28058
62.26101 57.90994 53.28058
62.26101 57.90994 53.28058
62.26101 57.90994 53.28058
62.26101 57.90994 53.28058
62.26101 57.90994 53.28058
62.26101 57.90994 53.28058
62.26101 57.90994 53.28058
62.26101 57.90994 53.28058
62.26101 57.90994 53.28058
62.26101 57.90994 53.28058
62.26101 57.90994 53.28058
62.26101 57.90994 53.28058
62.26101 57.90994 53.28058
62.26101 57.90994 53.28058
62.26101 57.90994 53.28058
62.26101 57.90994 53.28058
62.26101 57.90994 53.28058
62.26101 57.90994 53.28058
62.26101 57.90994 53.28058
62.26101 57.90994 53.28058
62.26101 57.90994 53.28058
62.26101 57.90994 53.28058
62.43302 58.03591 53.25804
62.43302 58.03591 53.25804
62.43302 58.03591 53.25804
62.43302 58.03591 53.25804
62.43302 58.03591 53.25804
62.43302 58.03591 53.25804
62.43302 58.03591 53.25804
62.43302 58.03591 53.25804
62.43302 58.03591 53.25804
62.43302 58.03591 53.25804
62.43302 58.03591 53.25804
62.43302 58.03591 53.25804
62.43302 58.03591 53.25804
62.43302 58.03591 53.25804
62.43302 58.03591 53.25804
62.43302 58.03591 53.25804
62.43302 58.03591 53.25804
62.43302 58.03591 53.25804
62.43302 58.03591 53.25804
62.43302 58.03591 53.25804
62.43302 58.03591 53.25804
62.43302 58.03591 53.25804
62.43302 58.03591 53.25804
62.43302 58.03591 53.25804
62.43302 58.03591 53.25804
62.43302 58.03591 53.25804
