27.92821 26.13968 42.82423
27.92821 26.13968 42.82423
27.92821 26.13968 42.82423
27.92821 26.13968 42.82423
27.92821 26.13968 42.82423
27.92821 26.13968 42.82423
27.92821 26.13968 42.82423
27.92821 26.13968 42.82423
27.92821 26.13968 42.82423
27.92821 26.13968 42.82423
27.92821 26.13968 42.82423
27.92821 26.13968 42.82423
27.92821 26.13968 42.82423
27.92821 26.13968 42.82423
27.92821 26.13968 42.82423
27.92821 26.13968 42.82423
27.92821 26.13968 42.82423
27.92821 26.13968 42.82423
27.92821 26.13968 42.82423
27.92821 26.13968 42.82423
27.92821 26.13968 42.82423
27.92821 26.13968 42.82423
27.92821 26.13968 42.82423
27.92821 26.13968 42.82423
27.92821 26.13968 42.82423
27.92821 26.13968 42.82423
27.92821 26.13968 42.82423
27.95889 26.12511 42.77402
27.95889 26.12511 42.77402
27.95889 26.12511 42.77402
27.95889 26.12511 42.77402
27.95889 26.12511 42.77402
27.95889 26.12511 42.77402
27.95889 26.12511 42.77402
27.95889 26.12511 42.77402
27.95889 26.12511 42.77402
27.95889 26.12511 42.77402
27.95889 26.12511 42.77402
27.95889 26.12511 42.77402
27.95889 26.12511 42.77402
27.95889 26.12511 42.77402
27.95889 26.12511 42.77402
27.95889 26.12511 42.77402
27.95889 26.12511 42.77402
27.95889 26.12511 42.77402
27.95889 26.12511 42.77402
27.95889 26.12511 42.77402
27.95889 26.12511 42.77402
27.95889 26.12511 42.77402
27.95889 26.12511 42.77402
27.95889 26.12511 42.77402
27.95889 26.12511 42.77402
27.95889 26.12511 42.77402
27.95889 26.12511 42.77402
28.01807 26.12079 42.75165
28.01807 26.12079 42.75165
28.01807 26.12079 42.75165
28.01807 26.12079 42.75165
28.01807 26.12079 42.75165
28.01807 26.12079 42.75165
28.01807 26.12079 42.75165
28.01807 26.12079 42.75165
28.01807 26.12079 42.75165
28.01807 26.12079 42.75165
28.01807 26.12079 42.75165
28.01807 26.12079 42.75165
28.01807 26.12079 42.75165
28.01807 26.12079 42.75165
28.01807 26.12079 42.75165
28.01807 26.12079 42.75165
28.01807 26.12079 42.75165
28.01807 26.12079 42.75165
28.01807 26.12079 42.75165
28.01807 26.12079 42.75165
28.01807 26.12079 42.75165
28.01807 26.12079 42.75165
28.01807 26.12079 42.75165
28.01807 26.12079 42.75165
28.01807 26.12079 42.75165
28.01807 26.12079 42.75165
28.01807 26.12079 42.75165
28.01807 26.12079 42.75165
28.01807 26.12079 42.75165
28.0638 26.08784 42.72478
28.0638 26.08784 42.72478
28.0638 26.08784 42.72478
