21.89685 9.23725 38.37123
21.94478 9.22179 38.34843
21.94478 9.22179 38.34843
21.94478 9.22179 38.34843
21.94478 9.22179 38.34843
21.94478 9.22179 38.34843
21.94478 9.22179 38.34843
21.94478 9.22179 38.34843
21.94478 9.22179 38.34843
21.94478 9.22179 38.34843
21.94478 9.22179 38.34843
21.94478 9.22179 38.34843
21.94478 9.22179 38.34843
21.94478 9.22179 38.34843
21.94478 9.22179 38.34843
21.94478 9.22179 38.34843
21.94478 9.22179 38.34843
21.94478 9.22179 38.34843
21.94478 9.22179 38.34843
21.94478 9.22179 38.34843
21.94478 9.22179 38.34843
21.97851 9.22655 38.31992
21.97851 9.22655 38.31992
21.97851 9.22655 38.31992
21.97851 9.22655 38.31992
21.97851 9.22655 38.31992
21.97851 9.22655 38.31992
21.97851 9.22655 38.31992
21.97851 9.22655 38.31992
21.97851 9.22655 38.31992
21.97851 9.22655 38.31992
21.97851 9.22655 38.31992
21.97851 9.22655 38.31992
21.97851 9.22655 38.31992
21.97851 9.22655 38.31992
21.97851 9.22655 38.31992
21.97851 9.22655 38.31992
21.97851 9.22655 38.31992
21.97851 9.22655 38.31992
21.97851 9.22655 38.31992
21.97851 9.22655 38.31992
21.97851 9.22655 38.31992
21.97851 9.22655 38.31992
21.97851 9.22655 38.31992
21.97851 9.22655 38.31992
21.97851 9.22655 38.31992
21.97851 9.22655 38.31992
21.97851 9.22655 38.31992
21.97851 9.22655 38.31992
21.97851 9.22655 38.31992
21.97851 9.22655 38.31992
21.97851 9.22655 38.31992
21.97851 9.22655 38.31992
21.97851 9.22655 38.31992
21.97851 9.22655 38.31992
21.97851 9.22655 38.31992
21.97851 9.22655 38.31992
21.97851 9.22655 38.31992
21.97851 9.22655 38.31992
22.0452 9.17931 38.35074
22.0452 9.17931 38.35074
22.0452 9.17931 38.35074
22.0452 9.17931 38.35074
22.0452 9.17931 38.35074
22.0452 9.17931 38.35074
22.0452 9.17931 38.35074
22.0452 9.17931 38.35074
22.0452 9.17931 38.35074
22.0452 9.17931 38.35074
22.0452 9.17931 38.35074
22.0452 9.17931 38.35074
22.0452 9.17931 38.35074
22.0452 9.17931 38.35074
22.0452 9.17931 38.35074
22.0452 9.17931 38.35074
22.0452 9.17931 38.35074
22.0452 9.17931 38.35074
22.0452 9.17931 38.35074
22.0452 9.17931 38.35074
22.0452 9.17931 38.35074
22.0452 9.17931 38.35074
22.0452 9.17931 38.35074
22.0452 9.17931 38.35074
22.0452 9.17931 38.35074
22.0452 9.17931 38.35074
22.0452 9.17931 38.35074
