22.84068 4.99128 37.02544
22.84068 4.99128 37.02544
22.84068 4.99128 37.02544
22.84068 4.99128 37.02544
22.84068 4.99128 37.02544
22.84068 4.99128 37.02544
22.84068 4.99128 37.02544
22.91106 4.92243 37.00564
22.91106 4.92243 37.00564
22.91106 4.92243 37.00564
22.91106 4.92243 37.00564
22.91106 4.92243 37.00564
22.91106 4.92243 37.00564
22.91106 4.92243 37.00564
22.91106 4.92243 37.00564
22.91106 4.92243 37.00564
22.91106 4.92243 37.00564
22.91106 4.92243 37.00564
22.91106 4.92243 37.00564
22.91106 4.92243 37.00564
22.91106 4.92243 37.00564
22.91106 4.92243 37.00564
22.98421 4.87682 36.97245
22.98421 4.87682 36.97245
22.98421 4.87682 36.97245
22.98421 4.87682 36.97245
22.98421 4.87682 36.97245
22.98421 4.87682 36.97245
22.98421 4.87682 36.97245
22.98421 4.87682 36.97245
22.98421 4.87682 36.97245
22.98421 4.87682 36.97245
22.98421 4.87682 36.97245
22.98421 4.87682 36.97245
22.98421 4.87682 36.97245
22.98421 4.87682 36.97245
22.98421 4.87682 36.97245
23.04413 4.84369 36.95667
23.04413 4.84369 36.95667
23.04413 4.84369 36.95667
23.04413 4.84369 36.95667
23.04413 4.84369 36.95667
23.04413 4.84369 36.95667
23.04413 4.84369 36.95667
23.04413 4.84369 36.95667
23.04413 4.84369 36.95667
23.04413 4.84369 36.95667
23.04413 4.84369 36.95667
23.04413 4.84369 36.95667
23.04413 4.84369 36.95667
23.04413 4.84369 36.95667
23.04413 4.84369 36.95667
23.04413 4.84369 36.95667
23.04413 4.84369 36.95667
23.04413 4.84369 36.95667
23.04413 4.84369 36.95667
23.04413 4.84369 36.95667
23.04413 4.84369 36.95667
23.04413 4.84369 36.95667
23.04413 4.84369 36.95667
23.04413 4.84369 36.95667
23.04413 4.84369 36.95667
23.04413 4.84369 36.95667
23.04413 4.84369 36.95667
23.04413 4.84369 36.95667
23.04413 4.84369 36.95667
23.04413 4.84369 36.95667
23.04413 4.84369 36.95667
23.04413 4.84369 36.95667
23.04413 4.84369 36.95667
23.04413 4.84369 36.95667
23.04413 4.84369 36.95667
23.04413 4.84369 36.95667
23.04413 4.84369 36.95667
23.04413 4.84369 36.95667
23.04413 4.84369 36.95667
23.04413 4.84369 36.95667
23.11513 4.80393 36.94649
23.11513 4.80393 36.94649
23.11513 4.80393 36.94649
23.11513 4.80393 36.94649
23.11513 4.80393 36.94649
23.11513 4.80393 36.94649
23.11513 4.80393 36.94649
23.11513 4.80393 36.94649
23.11513 4.80393 36.94649
