54.03104 32.71583 59.14728
54.03104 32.71583 59.14728
54.03104 32.71583 59.14728
54.03104 32.71583 59.14728
54.03104 32.71583 59.14728
54.03104 32.71583 59.14728
54.03104 32.71583 59.14728
54.03104 32.71583 59.14728
54.03104 32.71583 59.14728
54.03104 32.71583 59.14728
54.03104 32.71583 59.14728
54.03104 32.71583 59.14728
54.03104 32.71583 59.14728
54.03104 32.71583 59.14728
54.03104 32.71583 59.14728
54.03104 32.71583 59.14728
54.03104 32.71583 59.14728
54.03104 32.71583 59.14728
54.03104 32.71583 59.14728
54.03104 32.71583 59.14728
54.02999 32.67865 59.12093
54.02999 32.67865 59.12093
54.02999 32.67865 59.12093
54.02999 32.67865 59.12093
54.02999 32.67865 59.12093
54.02999 32.67865 59.12093
54.02999 32.67865 59.12093
54.02999 32.67865 59.12093
54.02999 32.67865 59.12093
54.02999 32.67865 59.12093
54.02999 32.67865 59.12093
54.02999 32.67865 59.12093
54.02999 32.67865 59.12093
54.02999 32.67865 59.12093
54.02999 32.67865 59.12093
54.02999 32.67865 59.12093
54.02999 32.67865 59.12093
54.02999 32.67865 59.12093
54.02999 32.67865 59.12093
54.02999 32.67865 59.12093
54.02999 32.67865 59.12093
54.02999 32.67865 59.12093
54.02999 32.67865 59.12093
54.02999 32.67865 59.12093
54.02999 32.67865 59.12093
54.02999 32.67865 59.12093
54.02999 32.67865 59.12093
54.02999 32.67865 59.12093
54.02999 32.67865 59.12093
54.02999 32.67865 59.12093
54.02999 32.67865 59.12093
54.02999 32.67865 59.12093
54.02999 32.67865 59.12093
54.02999 32.67865 59.12093
54.02999 32.67865 59.12093
54.02999 32.67865 59.12093
54.02999 32.67865 59.12093
54.02999 32.67865 59.12093
54.02999 32.67865 59.12093
54.02999 32.67865 59.12093
54.02999 32.67865 59.12093
54.02999 32.67865 59.12093
54.02999 32.67865 59.12093
54.02999 32.67865 59.12093
54.02999 32.67865 59.12093
54.02999 32.67865 59.12093
54.03761 32.62874 59.05565
54.03761 32.62874 59.05565
54.03761 32.62874 59.05565
54.03761 32.62874 59.05565
54.03761 32.62874 59.05565
54.03761 32.62874 59.05565
54.03761 32.62874 59.05565
54.03761 32.62874 59.05565
54.03761 32.62874 59.05565
54.03761 32.62874 59.05565
54.03761 32.62874 59.05565
54.03761 32.62874 59.05565
54.03761 32.62874 59.05565
54.03761 32.62874 59.05565
54.03761 32.62874 59.05565
54.03761 32.62874 59.05565
54.03761 32.62874 59.05565
54.03761 32.62874 59.05565
54.03761 32.62874 59.05565
54.03761 32.62874 59.05565
