4.55536 7.24359 53.94016
4.55536 7.24359 53.94016
4.55536 7.24359 53.94016
4.55536 7.24359 53.94016
4.55536 7.24359 53.94016
4.55536 7.24359 53.94016
4.55536 7.24359 53.94016
4.55536 7.24359 53.94016
4.55536 7.24359 53.94016
4.55536 7.24359 53.94016
4.55536 7.24359 53.94016
4.55536 7.24359 53.94016
4.6517 7.16807 53.97585
4.6517 7.16807 53.97585
4.6517 7.16807 53.97585
4.6517 7.16807 53.97585
4.6517 7.16807 53.97585
4.6517 7.16807 53.97585
4.6517 7.16807 53.97585
4.6517 7.16807 53.97585
4.6517 7.16807 53.97585
4.6517 7.16807 53.97585
4.6517 7.16807 53.97585
4.6517 7.16807 53.97585
4.6517 7.16807 53.97585
4.6517 7.16807 53.97585
4.6517 7.16807 53.97585
4.6517 7.16807 53.97585
4.6517 7.16807 53.97585
4.6517 7.16807 53.97585
4.6517 7.16807 53.97585
4.6517 7.16807 53.97585
4.6517 7.16807 53.97585
4.70609 7.05867 53.979
4.70609 7.05867 53.979
4.70609 7.05867 53.979
4.70609 7.05867 53.979
4.70609 7.05867 53.979
4.70609 7.05867 53.979
4.70609 7.05867 53.979
4.70609 7.05867 53.979
4.70609 7.05867 53.979
4.70609 7.05867 53.979
4.70609 7.05867 53.979
4.70609 7.05867 53.979
4.70609 7.05867 53.979
4.70609 7.05867 53.979
4.70609 7.05867 53.979
4.70609 7.05867 53.979
4.70609 7.05867 53.979
4.70609 7.05867 53.979
4.70609 7.05867 53.979
4.70609 7.05867 53.979
4.70609 7.05867 53.979
4.70609 7.05867 53.979
4.70609 7.05867 53.979
4.70609 7.05867 53.979
4.70609 7.05867 53.979
4.70609 7.05867 53.979
4.70609 7.05867 53.979
4.70609 7.05867 53.979
4.70609 7.05867 53.979
4.70609 7.05867 53.979
4.70609 7.05867 53.979
4.70609 7.05867 53.979
4.70609 7.05867 53.979
4.70609 7.05867 53.979
4.6517 7.16807 53.97585
4.6517 7.16807 53.97585
4.6517 7.16807 53.97585
4.6517 7.16807 53.97585
4.6517 7.16807 53.97585
4.6517 7.16807 53.97585
4.6517 7.16807 53.97585
4.6517 7.16807 53.97585
4.6517 7.16807 53.97585
4.6517 7.16807 53.97585
4.6517 7.16807 53.97585
4.6517 7.16807 53.97585
4.6517 7.16807 53.97585
4.6517 7.16807 53.97585
4.6517 7.16807 53.97585
4.6517 7.16807 53.97585
4.6517 7.16807 53.97585
4.6517 7.16807 53.97585
4.6517 7.16807 53.97585
