1.57845 31.21861 9.68469
1.57845 31.21861 9.68469
1.57845 31.21861 9.68469
1.57845 31.21861 9.68469
1.57845 31.21861 9.68469
1.57845 31.21861 9.68469
1.57845 31.21861 9.68469
1.57845 31.21861 9.68469
1.57845 31.21861 9.68469
1.57845 31.21861 9.68469
1.57845 31.21861 9.68469
1.57845 31.21861 9.68469
1.57845 31.21861 9.68469
1.57845 31.21861 9.68469
1.57845 31.21861 9.68469
1.57845 31.21861 9.68469
1.57845 31.21861 9.68469
1.57845 31.21861 9.68469
1.57845 31.21861 9.68469
1.57845 31.21861 9.68469
1.57845 31.21861 9.68469
1.57845 31.21861 9.68469
1.57845 31.21861 9.68469
1.57845 31.21861 9.68469
1.57845 31.21861 9.68469
1.57845 31.21861 9.68469
1.57845 31.21861 9.68469
1.57845 31.21861 9.68469
1.57845 31.21861 9.68469
1.57845 31.21861 9.68469
1.57845 31.21861 9.68469
1.57845 31.21861 9.68469
1.57845 31.21861 9.68469
1.57845 31.21861 9.68469
1.57845 31.21861 9.68469
1.57845 31.21861 9.68469
1.57845 31.21861 9.68469
1.57845 31.21861 9.68469
1.57845 31.21861 9.68469
1.57845 31.21861 9.68469
1.57845 31.21861 9.68469
1.57845 31.21861 9.68469
1.57845 31.21861 9.68469
1.57845 31.21861 9.68469
1.5855 31.34068 9.79694
1.5855 31.34068 9.79694
1.5855 31.34068 9.79694
1.5855 31.34068 9.79694
1.5855 31.34068 9.79694
1.5855 31.34068 9.79694
1.5855 31.34068 9.79694
1.5855 31.34068 9.79694
1.57845 31.21861 9.68469
1.57845 31.21861 9.68469
1.57845 31.21861 9.68469
1.5855 31.34068 9.79694
1.5855 31.34068 9.79694
1.5855 31.34068 9.79694
1.5855 31.34068 9.79694
1.5855 31.34068 9.79694
1.5855 31.34068 9.79694
1.5855 31.34068 9.79694
1.5855 31.34068 9.79694
1.5855 31.34068 9.79694
1.5855 31.34068 9.79694
1.5855 31.34068 9.79694
1.5855 31.34068 9.79694
1.5855 31.34068 9.79694
1.5855 31.34068 9.79694
1.5855 31.34068 9.79694
1.5855 31.34068 9.79694
1.5855 31.34068 9.79694
1.5855 31.34068 9.79694
1.5855 31.34068 9.79694
1.5855 31.34068 9.79694
1.5855 31.34068 9.79694
1.5855 31.34068 9.79694
1.5855 31.34068 9.79694
1.5855 31.34068 9.79694
1.5855 31.34068 9.79694
1.5855 31.34068 9.79694
1.5855 31.34068 9.79694
1.5855 31.34068 9.79694
1.5855 31.34068 9.79694
1.5855 31.34068 9.79694
1.5855 31.34068 9.79694
