52.30818 54.23483 22.34469
52.30818 54.23483 22.34469
52.30818 54.23483 22.34469
52.30818 54.23483 22.34469
52.30818 54.23483 22.34469
52.30818 54.23483 22.34469
52.30818 54.23483 22.34469
52.30818 54.23483 22.34469
52.30818 54.23483 22.34469
52.30818 54.23483 22.34469
52.30818 54.23483 22.34469
52.30818 54.23483 22.34469
52.30818 54.23483 22.34469
52.30818 54.23483 22.34469
52.30818 54.23483 22.34469
52.30818 54.23483 22.34469
52.30818 54.23483 22.34469
52.30818 54.23483 22.34469
52.30818 54.23483 22.34469
52.30818 54.23483 22.34469
52.30818 54.23483 22.34469
52.30818 54.23483 22.34469
52.30818 54.23483 22.34469
52.30818 54.23483 22.34469
52.30818 54.23483 22.34469
52.30818 54.23483 22.34469
52.30818 54.23483 22.34469
52.30818 54.23483 22.34469
52.30818 54.23483 22.34469
52.30818 54.23483 22.34469
52.30818 54.23483 22.34469
52.30818 54.23483 22.34469
52.30818 54.23483 22.34469
52.30818 54.23483 22.34469
52.30818 54.23483 22.34469
52.30818 54.23483 22.34469
52.30818 54.23483 22.34469
52.30818 54.23483 22.34469
52.30818 54.23483 22.34469
52.30818 54.23483 22.34469
52.30818 54.23483 22.34469
52.30818 54.23483 22.34469
52.30818 54.23483 22.34469
52.30818 54.23483 22.34469
52.30818 54.23483 22.34469
52.30818 54.23483 22.34469
52.30818 54.23483 22.34469
52.30818 54.23483 22.34469
52.30818 54.23483 22.34469
52.30818 54.23483 22.34469
52.30818 54.23483 22.34469
52.30818 54.23483 22.34469
52.30818 54.23483 22.34469
52.30818 54.23483 22.34469
52.30818 54.23483 22.34469
52.30818 54.23483 22.34469
52.30818 54.23483 22.34469
52.30818 54.23483 22.34469
52.30818 54.23483 22.34469
52.30818 54.23483 22.34469
52.30818 54.23483 22.34469
52.30818 54.23483 22.34469
52.30818 54.23483 22.34469
52.30818 54.23483 22.34469
52.30818 54.23483 22.34469
52.30818 54.23483 22.34469
52.30818 54.23483 22.34469
52.30818 54.23483 22.34469
52.30818 54.23483 22.34469
52.30818 54.23483 22.34469
52.30818 54.23483 22.34469
52.30818 54.23483 22.34469
52.30818 54.23483 22.34469
52.30818 54.23483 22.34469
52.30818 54.23483 22.34469
52.30818 54.23483 22.34469
52.30818 54.23483 22.34469
52.30818 54.23483 22.34469
52.30818 54.23483 22.34469
52.30818 54.23483 22.34469
52.30818 54.23483 22.34469
52.30818 54.23483 22.34469
52.30818 54.23483 22.34469
52.30818 54.23483 22.34469
52.30818 54.23483 22.34469
52.30818 54.23483 22.34469
