7.20724 26.16543 10.62545
7.20724 26.16543 10.62545
7.20724 26.16543 10.62545
7.20724 26.16543 10.62545
7.20724 26.16543 10.62545
7.20724 26.16543 10.62545
7.20724 26.16543 10.62545
7.20724 26.16543 10.62545
7.20724 26.16543 10.62545
7.20724 26.16543 10.62545
7.20724 26.16543 10.62545
7.24461 26.08453 10.60894
7.24461 26.08453 10.60894
7.24461 26.08453 10.60894
7.24461 26.08453 10.60894
7.24461 26.08453 10.60894
7.24461 26.08453 10.60894
7.24461 26.08453 10.60894
7.24461 26.08453 10.60894
7.24461 26.08453 10.60894
7.24461 26.08453 10.60894
7.24461 26.08453 10.60894
7.24461 26.08453 10.60894
7.24461 26.08453 10.60894
7.24461 26.08453 10.60894
7.24461 26.08453 10.60894
7.24461 26.08453 10.60894
7.24461 26.08453 10.60894
7.29939 25.97619 10.57411
7.29939 25.97619 10.57411
7.29939 25.97619 10.57411
7.29939 25.97619 10.57411
7.29939 25.97619 10.57411
7.29939 25.97619 10.57411
7.29939 25.97619 10.57411
7.29939 25.97619 10.57411
7.29939 25.97619 10.57411
7.29939 25.97619 10.57411
7.29939 25.97619 10.57411
7.29939 25.97619 10.57411
7.29939 25.97619 10.57411
7.29939 25.97619 10.57411
7.29939 25.97619 10.57411
7.3357 25.843 10.54613
7.3357 25.843 10.54613
7.3357 25.843 10.54613
7.3357 25.843 10.54613
7.3357 25.843 10.54613
7.3357 25.843 10.54613
7.3357 25.843 10.54613
7.3357 25.843 10.54613
7.3357 25.843 10.54613
7.3357 25.843 10.54613
7.3357 25.843 10.54613
7.3357 25.843 10.54613
7.3357 25.843 10.54613
7.41268 25.7126 10.51653
7.41268 25.7126 10.51653
7.41268 25.7126 10.51653
7.41268 25.7126 10.51653
7.41268 25.7126 10.51653
7.41268 25.7126 10.51653
7.41268 25.7126 10.51653
7.44777 25.57061 10.47698
7.44777 25.57061 10.47698
7.44777 25.57061 10.47698
7.44777 25.57061 10.47698
7.44777 25.57061 10.47698
7.44777 25.57061 10.47698
7.44777 25.57061 10.47698
7.44777 25.57061 10.47698
7.44777 25.57061 10.47698
7.44777 25.57061 10.47698
7.44777 25.57061 10.47698
7.44777 25.57061 10.47698
7.44777 25.57061 10.47698
7.4969 25.46653 10.44822
7.4969 25.46653 10.44822
7.4969 25.46653 10.44822
7.4969 25.46653 10.44822
7.4969 25.46653 10.44822
7.4969 25.46653 10.44822
7.4969 25.46653 10.44822
7.4969 25.46653 10.44822
7.4969 25.46653 10.44822
7.4969 25.46653 10.44822
