15.82024 51.92754 47.95154
15.82024 51.92754 47.95154
15.82024 51.92754 47.95154
15.82024 51.92754 47.95154
15.92183 51.93708 47.91449
15.92183 51.93708 47.91449
15.92183 51.93708 47.91449
15.92183 51.93708 47.91449
15.92183 51.93708 47.91449
15.92183 51.93708 47.91449
15.92183 51.93708 47.91449
15.92183 51.93708 47.91449
15.92183 51.93708 47.91449
15.92183 51.93708 47.91449
15.92183 51.93708 47.91449
15.92183 51.93708 47.91449
16.04827 51.94034 47.93856
16.04827 51.94034 47.93856
16.04827 51.94034 47.93856
16.04827 51.94034 47.93856
16.04827 51.94034 47.93856
16.04827 51.94034 47.93856
16.04827 51.94034 47.93856
16.04827 51.94034 47.93856
16.04827 51.94034 47.93856
16.04827 51.94034 47.93856
16.04827 51.94034 47.93856
16.04827 51.94034 47.93856
16.04827 51.94034 47.93856
16.04827 51.94034 47.93856
16.04827 51.94034 47.93856
16.04827 51.94034 47.93856
16.04827 51.94034 47.93856
16.04827 51.94034 47.93856
16.04827 51.94034 47.93856
16.04827 51.94034 47.93856
16.04827 51.94034 47.93856
16.04827 51.94034 47.93856
16.04827 51.94034 47.93856
16.16335 51.95159 47.95
16.16335 51.95159 47.95
16.16335 51.95159 47.95
16.16335 51.95159 47.95
16.16335 51.95159 47.95
16.16335 51.95159 47.95
16.16335 51.95159 47.95
16.16335 51.95159 47.95
16.16335 51.95159 47.95
16.16335 51.95159 47.95
16.16335 51.95159 47.95
16.16335 51.95159 47.95
16.16335 51.95159 47.95
16.16335 51.95159 47.95
16.16335 51.95159 47.95
16.16335 51.95159 47.95
16.16335 51.95159 47.95
16.16335 51.95159 47.95
16.16335 51.95159 47.95
16.16335 51.95159 47.95
16.16335 51.95159 47.95
16.16335 51.95159 47.95
16.16335 51.95159 47.95
16.16335 51.95159 47.95
16.23265 51.97701 48.02115
16.23265 51.97701 48.02115
16.23265 51.97701 48.02115
16.23265 51.97701 48.02115
16.23265 51.97701 48.02115
16.23265 51.97701 48.02115
16.23265 51.97701 48.02115
16.23265 51.97701 48.02115
16.23265 51.97701 48.02115
16.23265 51.97701 48.02115
16.23265 51.97701 48.02115
16.23265 51.97701 48.02115
16.23265 51.97701 48.02115
16.23265 51.97701 48.02115
16.23265 51.97701 48.02115
16.23265 51.97701 48.02115
16.23265 51.97701 48.02115
16.23265 51.97701 48.02115
16.23265 51.97701 48.02115
16.23265 51.97701 48.02115
16.23265 51.97701 48.02115
16.23265 51.97701 48.02115
16.23265 51.97701 48.02115
