58.95027 40.61872 31.89016
58.95027 40.61872 31.89016
58.95027 40.61872 31.89016
58.95027 40.61872 31.89016
58.95027 40.61872 31.89016
58.95027 40.61872 31.89016
58.95027 40.61872 31.89016
58.95027 40.61872 31.89016
58.95027 40.61872 31.89016
58.95027 40.61872 31.89016
58.95027 40.61872 31.89016
58.95027 40.61872 31.89016
58.95027 40.61872 31.89016
58.95027 40.61872 31.89016
58.95027 40.61872 31.89016
58.95027 40.61872 31.89016
58.95027 40.61872 31.89016
58.95027 40.61872 31.89016
58.95027 40.61872 31.89016
58.95027 40.61872 31.89016
58.95027 40.61872 31.89016
58.95027 40.61872 31.89016
58.95027 40.61872 31.89016
58.95027 40.61872 31.89016
58.95027 40.61872 31.89016
58.95027 40.61872 31.89016
58.95027 40.61872 31.89016
58.95027 40.61872 31.89016
58.95027 40.61872 31.89016
58.95027 40.61872 31.89016
58.95027 40.61872 31.89016
58.95027 40.61872 31.89016
58.95027 40.61872 31.89016
58.95027 40.61872 31.89016
58.95027 40.61872 31.89016
58.95027 40.61872 31.89016
58.95027 40.61872 31.89016
58.95027 40.61872 31.89016
58.95027 40.61872 31.89016
58.95027 40.61872 31.89016
58.95027 40.61872 31.89016
58.95027 40.61872 31.89016
58.95027 40.61872 31.89016
58.95027 40.61872 31.89016
58.95027 40.61872 31.89016
58.95027 40.61872 31.89016
58.95027 40.61872 31.89016
58.95027 40.61872 31.89016
58.95027 40.61872 31.89016
58.95027 40.61872 31.89016
58.95027 40.61872 31.89016
58.95027 40.61872 31.89016
58.95027 40.61872 31.89016
58.95027 40.61872 31.89016
58.95027 40.61872 31.89016
58.95027 40.61872 31.89016
58.95027 40.61872 31.89016
58.95027 40.61872 31.89016
58.95027 40.61872 31.89016
58.95027 40.61872 31.89016
58.95027 40.61872 31.89016
58.95027 40.61872 31.89016
58.95027 40.61872 31.89016
58.96171 40.61866 31.87856
58.96171 40.61866 31.87856
58.96171 40.61866 31.87856
58.96171 40.61866 31.87856
58.96171 40.61866 31.87856
58.96171 40.61866 31.87856
58.96171 40.61866 31.87856
58.96171 40.61866 31.87856
58.96171 40.61866 31.87856
58.96171 40.61866 31.87856
58.96171 40.61866 31.87856
58.96171 40.61866 31.87856
58.96171 40.61866 31.87856
58.96171 40.61866 31.87856
58.96171 40.61866 31.87856
58.96171 40.61866 31.87856
58.96171 40.61866 31.87856
58.96171 40.61866 31.87856
58.96171 40.61866 31.87856
58.96171 40.61866 31.87856
58.96171 40.61866 31.87856
58.96171 40.61866 31.87856
58.96171 40.61866 31.87856
