29.21018 34.64334 47.92932
29.21018 34.64334 47.92932
29.21018 34.64334 47.92932
29.21018 34.64334 47.92932
29.21018 34.64334 47.92932
29.21018 34.64334 47.92932
29.21018 34.64334 47.92932
29.21018 34.64334 47.92932
29.21018 34.64334 47.92932
29.21018 34.64334 47.92932
29.21018 34.64334 47.92932
29.21018 34.64334 47.92932
29.31451 34.64207 47.93027
29.31451 34.64207 47.93027
29.31451 34.64207 47.93027
29.31451 34.64207 47.93027
29.31451 34.64207 47.93027
29.31451 34.64207 47.93027
29.31451 34.64207 47.93027
29.31451 34.64207 47.93027
29.31451 34.64207 47.93027
29.31451 34.64207 47.93027
29.31451 34.64207 47.93027
29.31451 34.64207 47.93027
29.31451 34.64207 47.93027
29.31451 34.64207 47.93027
29.31451 34.64207 47.93027
29.31451 34.64207 47.93027
29.31451 34.64207 47.93027
29.31451 34.64207 47.93027
29.31451 34.64207 47.93027
29.31451 34.64207 47.93027
29.31451 34.64207 47.93027
29.31451 34.64207 47.93027
29.31451 34.64207 47.93027
29.31451 34.64207 47.93027
29.31451 34.64207 47.93027
29.3624 34.73095 47.95029
29.3624 34.73095 47.95029
29.3624 34.73095 47.95029
29.3624 34.73095 47.95029
29.3624 34.73095 47.95029
29.3624 34.73095 47.95029
29.3624 34.73095 47.95029
29.3624 34.73095 47.95029
29.3624 34.73095 47.95029
29.3624 34.73095 47.95029
29.3624 34.73095 47.95029
29.3624 34.73095 47.95029
29.3624 34.73095 47.95029
29.3624 34.73095 47.95029
29.3624 34.73095 47.95029
29.3624 34.73095 47.95029
29.3624 34.73095 47.95029
29.3624 34.73095 47.95029
29.3624 34.73095 47.95029
29.3624 34.73095 47.95029
29.3624 34.73095 47.95029
29.3624 34.73095 47.95029
29.3624 34.73095 47.95029
29.3624 34.73095 47.95029
29.3624 34.73095 47.95029
29.3624 34.73095 47.95029
29.3624 34.73095 47.95029
29.3624 34.73095 47.95029
29.3624 34.73095 47.95029
29.3624 34.73095 47.95029
29.3624 34.73095 47.95029
29.3624 34.73095 47.95029
29.3624 34.73095 47.95029
29.3624 34.73095 47.95029
29.3624 34.73095 47.95029
29.3624 34.73095 47.95029
29.3624 34.73095 47.95029
29.3624 34.73095 47.95029
29.3624 34.73095 47.95029
29.3624 34.73095 47.95029
29.36247 34.78575 47.97405
29.36247 34.78575 47.97405
29.36247 34.78575 47.97405
29.36247 34.78575 47.97405
29.36247 34.78575 47.97405
29.36247 34.78575 47.97405
29.36247 34.78575 47.97405
29.36247 34.78575 47.97405
29.36247 34.78575 47.97405
