1.23098 35.82595 16.3626
1.23098 35.82595 16.3626
1.23098 35.82595 16.3626
1.23098 35.82595 16.3626
1.23098 35.82595 16.3626
1.23098 35.82595 16.3626
1.23098 35.82595 16.3626
1.23098 35.82595 16.3626
1.23098 35.82595 16.3626
1.23098 35.82595 16.3626
1.23098 35.82595 16.3626
1.23098 35.82595 16.3626
1.23098 35.82595 16.3626
1.23098 35.82595 16.3626
1.23098 35.82595 16.3626
1.23098 35.82595 16.3626
1.23098 35.82595 16.3626
1.23098 35.82595 16.3626
1.23098 35.82595 16.3626
1.23098 35.82595 16.3626
1.23098 35.82595 16.3626
1.23098 35.82595 16.3626
1.23098 35.82595 16.3626
1.23098 35.82595 16.3626
1.23098 35.82595 16.3626
1.23098 35.82595 16.3626
1.23098 35.82595 16.3626
1.23098 35.82595 16.3626
1.23098 35.82595 16.3626
1.23098 35.82595 16.3626
1.1991 35.83152 16.41294
1.1991 35.83152 16.41294
1.1991 35.83152 16.41294
1.23098 35.82595 16.3626
1.23098 35.82595 16.3626
1.23098 35.82595 16.3626
1.23098 35.82595 16.3626
1.23098 35.82595 16.3626
1.23098 35.82595 16.3626
1.23098 35.82595 16.3626
1.1991 35.83152 16.41294
1.1991 35.83152 16.41294
1.1991 35.83152 16.41294
1.1991 35.83152 16.41294
1.1991 35.83152 16.41294
1.1991 35.83152 16.41294
1.1991 35.83152 16.41294
1.1991 35.83152 16.41294
1.1991 35.83152 16.41294
1.1991 35.83152 16.41294
1.1991 35.83152 16.41294
1.1991 35.83152 16.41294
1.1991 35.83152 16.41294
1.1991 35.83152 16.41294
1.1991 35.83152 16.41294
1.1991 35.83152 16.41294
1.1991 35.83152 16.41294
1.1991 35.83152 16.41294
1.1991 35.83152 16.41294
1.1991 35.83152 16.41294
1.1991 35.83152 16.41294
1.1991 35.83152 16.41294
1.1991 35.83152 16.41294
1.1991 35.83152 16.41294
1.1991 35.83152 16.41294
1.1991 35.83152 16.41294
1.1991 35.83152 16.41294
1.1991 35.83152 16.41294
1.1991 35.83152 16.41294
1.1991 35.83152 16.41294
1.1991 35.83152 16.41294
1.1991 35.83152 16.41294
1.1991 35.83152 16.41294
1.1991 35.83152 16.41294
1.1991 35.83152 16.41294
1.1991 35.83152 16.41294
1.1991 35.83152 16.41294
1.1991 35.83152 16.41294
1.1991 35.83152 16.41294
1.1991 35.83152 16.41294
1.1991 35.83152 16.41294
1.1991 35.83152 16.41294
1.1991 35.83152 16.41294
1.1991 35.83152 16.41294
1.1991 35.83152 16.41294
1.1991 35.83152 16.41294
