1.19327 34.18142 15.74717
1.19327 34.18142 15.74717
1.19327 34.18142 15.74717
1.19327 34.18142 15.74717
1.19327 34.18142 15.74717
1.19327 34.18142 15.74717
1.19327 34.18142 15.74717
1.19327 34.18142 15.74717
1.19327 34.18142 15.74717
1.19327 34.18142 15.74717
1.19327 34.18142 15.74717
1.19327 34.18142 15.74717
1.19327 34.18142 15.74717
1.19327 34.18142 15.74717
1.19327 34.18142 15.74717
1.19327 34.18142 15.74717
1.19327 34.18142 15.74717
1.19327 34.18142 15.74717
1.19327 34.18142 15.74717
1.19327 34.18142 15.74717
1.19327 34.18142 15.74717
1.19327 34.18142 15.74717
1.19327 34.18142 15.74717
1.19327 34.18142 15.74717
1.19327 34.18142 15.74717
1.19327 34.18142 15.74717
1.19327 34.18142 15.74717
1.19327 34.18142 15.74717
1.19327 34.18142 15.74717
1.19327 34.18142 15.74717
1.19327 34.18142 15.74717
1.19327 34.18142 15.74717
1.19327 34.18142 15.74717
1.19327 34.18142 15.74717
1.19327 34.18142 15.74717
1.19327 34.18142 15.74717
1.19327 34.18142 15.74717
1.19327 34.18142 15.74717
1.19327 34.18142 15.74717
1.19327 34.18142 15.74717
1.16245 34.15527 15.8093
1.16245 34.15527 15.8093
1.16245 34.15527 15.8093
1.16245 34.15527 15.8093
1.16245 34.15527 15.8093
1.16245 34.15527 15.8093
1.16245 34.15527 15.8093
1.16245 34.15527 15.8093
1.16245 34.15527 15.8093
1.16245 34.15527 15.8093
1.16245 34.15527 15.8093
1.16245 34.15527 15.8093
1.16245 34.15527 15.8093
1.16245 34.15527 15.8093
1.16245 34.15527 15.8093
1.16245 34.15527 15.8093
1.16245 34.15527 15.8093
1.16245 34.15527 15.8093
1.16245 34.15527 15.8093
1.16245 34.15527 15.8093
1.16245 34.15527 15.8093
1.16245 34.15527 15.8093
1.16245 34.15527 15.8093
1.16245 34.15527 15.8093
1.16245 34.15527 15.8093
1.16245 34.15527 15.8093
1.16245 34.15527 15.8093
1.16245 34.15527 15.8093
1.16245 34.15527 15.8093
1.16245 34.15527 15.8093
1.16245 34.15527 15.8093
1.16245 34.15527 15.8093
1.16245 34.15527 15.8093
1.16245 34.15527 15.8093
1.16245 34.15527 15.8093
1.16245 34.15527 15.8093
1.16245 34.15527 15.8093
1.16245 34.15527 15.8093
1.16245 34.15527 15.8093
1.16245 34.15527 15.8093
1.16245 34.15527 15.8093
1.16245 34.15527 15.8093
1.16245 34.15527 15.8093
1.16245 34.15527 15.8093
1.16245 34.15527 15.8093
1.16245 34.15527 15.8093
