56.38524 41.58764 20.05085
56.38524 41.58764 20.05085
56.38524 41.58764 20.05085
56.38524 41.58764 20.05085
56.38524 41.58764 20.05085
56.38524 41.58764 20.05085
56.38524 41.58764 20.05085
56.38524 41.58764 20.05085
56.38524 41.58764 20.05085
56.38524 41.58764 20.05085
56.38524 41.58764 20.05085
56.38524 41.58764 20.05085
56.38524 41.58764 20.05085
56.38524 41.58764 20.05085
56.38524 41.58764 20.05085
56.38524 41.58764 20.05085
56.37262 41.59167 20.01849
56.37262 41.59167 20.01849
56.37262 41.59167 20.01849
56.37262 41.59167 20.01849
56.38524 41.58764 20.05085
56.38524 41.58764 20.05085
56.38524 41.58764 20.05085
56.38524 41.58764 20.05085
56.38524 41.58764 20.05085
56.38524 41.58764 20.05085
56.38524 41.58764 20.05085
56.38524 41.58764 20.05085
56.38524 41.58764 20.05085
56.38524 41.58764 20.05085
56.38524 41.58764 20.05085
56.38524 41.58764 20.05085
56.38524 41.58764 20.05085
56.38524 41.58764 20.05085
56.38524 41.58764 20.05085
56.38524 41.58764 20.05085
56.38524 41.58764 20.05085
56.38524 41.58764 20.05085
56.38524 41.58764 20.05085
56.38524 41.58764 20.05085
56.38524 41.58764 20.05085
56.38524 41.58764 20.05085
56.38524 41.58764 20.05085
56.38524 41.58764 20.05085
56.38524 41.58764 20.05085
56.38524 41.58764 20.05085
56.38524 41.58764 20.05085
56.38524 41.58764 20.05085
56.38524 41.58764 20.05085
56.38524 41.58764 20.05085
56.38524 41.58764 20.05085
56.38524 41.58764 20.05085
56.38524 41.58764 20.05085
56.38524 41.58764 20.05085
56.38524 41.58764 20.05085
56.38524 41.58764 20.05085
56.38524 41.58764 20.05085
56.38524 41.58764 20.05085
56.38524 41.58764 20.05085
56.38524 41.58764 20.05085
56.38524 41.58764 20.05085
56.38524 41.58764 20.05085
56.38524 41.58764 20.05085
56.38524 41.58764 20.05085
56.38524 41.58764 20.05085
56.38524 41.58764 20.05085
56.38524 41.58764 20.05085
56.38524 41.58764 20.05085
56.38524 41.58764 20.05085
56.38524 41.58764 20.05085
56.38524 41.58764 20.05085
56.38524 41.58764 20.05085
56.38524 41.58764 20.05085
56.38524 41.58764 20.05085
56.38524 41.58764 20.05085
56.38524 41.58764 20.05085
56.38524 41.58764 20.05085
56.38524 41.58764 20.05085
56.38524 41.58764 20.05085
56.38524 41.58764 20.05085
56.38524 41.58764 20.05085
56.38524 41.58764 20.05085
56.38524 41.58764 20.05085
56.38524 41.58764 20.05085
56.38524 41.58764 20.05085
56.38524 41.58764 20.05085
