16.10528 25.74059 0.7397
16.10528 25.74059 0.7397
16.10528 25.74059 0.7397
16.10528 25.74059 0.7397
16.10528 25.74059 0.7397
16.10528 25.74059 0.7397
16.10528 25.74059 0.7397
16.10528 25.74059 0.7397
16.10528 25.74059 0.7397
16.10528 25.74059 0.7397
16.10528 25.74059 0.7397
16.10528 25.74059 0.7397
16.10528 25.74059 0.7397
16.10528 25.74059 0.7397
16.10528 25.74059 0.7397
16.10528 25.74059 0.7397
16.10528 25.74059 0.7397
16.10528 25.74059 0.7397
16.10528 25.74059 0.7397
16.16755 25.71861 0.81946
16.16755 25.71861 0.81946
16.16755 25.71861 0.81946
16.16755 25.71861 0.81946
16.16755 25.71861 0.81946
16.16755 25.71861 0.81946
16.16755 25.71861 0.81946
16.16755 25.71861 0.81946
16.16755 25.71861 0.81946
16.16755 25.71861 0.81946
16.16755 25.71861 0.81946
16.16755 25.71861 0.81946
16.16755 25.71861 0.81946
16.16755 25.71861 0.81946
16.16755 25.71861 0.81946
16.16755 25.71861 0.81946
16.16755 25.71861 0.81946
16.16755 25.71861 0.81946
16.16755 25.71861 0.81946
16.16755 25.71861 0.81946
16.16755 25.71861 0.81946
16.16755 25.71861 0.81946
16.16755 25.71861 0.81946
16.16755 25.71861 0.81946
16.16755 25.71861 0.81946
16.16755 25.71861 0.81946
16.16755 25.71861 0.81946
16.16755 25.71861 0.81946
16.16755 25.71861 0.81946
16.16755 25.71861 0.81946
16.16755 25.71861 0.81946
16.16755 25.71861 0.81946
16.16755 25.71861 0.81946
16.16755 25.71861 0.81946
16.16755 25.71861 0.81946
16.16755 25.71861 0.81946
16.16755 25.71861 0.81946
16.16755 25.71861 0.81946
16.16755 25.71861 0.81946
16.16755 25.71861 0.81946
16.16755 25.71861 0.81946
16.16755 25.71861 0.81946
16.17698 25.75649 0.91615
16.17698 25.75649 0.91615
16.17698 25.75649 0.91615
16.17698 25.75649 0.91615
16.17698 25.75649 0.91615
16.17698 25.75649 0.91615
16.17698 25.75649 0.91615
16.17698 25.75649 0.91615
16.17698 25.75649 0.91615
16.17698 25.75649 0.91615
16.17698 25.75649 0.91615
16.17698 25.75649 0.91615
16.17698 25.75649 0.91615
16.17698 25.75649 0.91615
16.17698 25.75649 0.91615
16.17698 25.75649 0.91615
16.17698 25.75649 0.91615
16.17698 25.75649 0.91615
16.17698 25.75649 0.91615
16.17698 25.75649 0.91615
16.17698 25.75649 0.91615
16.17698 25.75649 0.91615
16.17698 25.75649 0.91615
16.17698 25.75649 0.91615
16.17698 25.75649 0.91615
