35.0778 30.0522 26.89519
35.0778 30.0522 26.89519
35.0778 30.0522 26.89519
35.0778 30.0522 26.89519
35.0778 30.0522 26.89519
35.0778 30.0522 26.89519
35.07881 30.09924 26.87995
35.07881 30.09924 26.87995
35.07881 30.09924 26.87995
35.07881 30.09924 26.87995
35.07881 30.09924 26.87995
35.07881 30.09924 26.87995
35.07881 30.09924 26.87995
35.07881 30.09924 26.87995
35.07881 30.09924 26.87995
35.07881 30.09924 26.87995
35.07881 30.09924 26.87995
35.07881 30.09924 26.87995
35.07881 30.09924 26.87995
35.07881 30.09924 26.87995
35.07881 30.09924 26.87995
35.0778 30.0522 26.89519
35.0778 30.0522 26.89519
35.0778 30.0522 26.89519
35.0778 30.0522 26.89519
35.0778 30.0522 26.89519
35.0778 30.0522 26.89519
35.0778 30.0522 26.89519
35.0778 30.0522 26.89519
35.0778 30.0522 26.89519
35.07881 30.09924 26.87995
35.07881 30.09924 26.87995
35.07881 30.09924 26.87995
35.07881 30.09924 26.87995
35.07881 30.09924 26.87995
35.07881 30.09924 26.87995
35.07881 30.09924 26.87995
35.07881 30.09924 26.87995
35.07881 30.09924 26.87995
35.07881 30.09924 26.87995
35.07881 30.09924 26.87995
35.07881 30.09924 26.87995
35.07881 30.09924 26.87995
35.07881 30.09924 26.87995
35.07881 30.09924 26.87995
35.07881 30.09924 26.87995
35.07881 30.09924 26.87995
35.07881 30.09924 26.87995
35.07881 30.09924 26.87995
35.07881 30.09924 26.87995
35.07881 30.09924 26.87995
35.07881 30.09924 26.87995
35.07881 30.09924 26.87995
35.07881 30.09924 26.87995
35.07881 30.09924 26.87995
35.07881 30.09924 26.87995
35.07881 30.09924 26.87995
35.07881 30.09924 26.87995
35.07881 30.09924 26.87995
35.07881 30.09924 26.87995
35.07881 30.09924 26.87995
35.07881 30.09924 26.87995
35.07881 30.09924 26.87995
35.07881 30.09924 26.87995
35.07881 30.09924 26.87995
35.07881 30.09924 26.87995
35.07881 30.09924 26.87995
35.07881 30.09924 26.87995
35.07881 30.09924 26.87995
35.07881 30.09924 26.87995
35.07881 30.09924 26.87995
35.07881 30.09924 26.87995
35.07881 30.09924 26.87995
35.07881 30.09924 26.87995
35.07881 30.09924 26.87995
35.07881 30.09924 26.87995
35.07881 30.09924 26.87995
35.07881 30.09924 26.87995
35.07881 30.09924 26.87995
35.07881 30.09924 26.87995
35.07881 30.09924 26.87995
35.07881 30.09924 26.87995
35.07881 30.09924 26.87995
35.07881 30.09924 26.87995
35.07881 30.09924 26.87995
35.07881 30.09924 26.87995
