41.19858 44.82303 24.93152
41.19858 44.82303 24.93152
41.19858 44.82303 24.93152
41.19858 44.82303 24.93152
41.19858 44.82303 24.93152
41.19858 44.82303 24.93152
41.19858 44.82303 24.93152
41.19858 44.82303 24.93152
41.19858 44.82303 24.93152
41.19858 44.82303 24.93152
41.19858 44.82303 24.93152
41.19858 44.82303 24.93152
41.19858 44.82303 24.93152
41.19858 44.82303 24.93152
41.19858 44.82303 24.93152
41.19858 44.82303 24.93152
41.19858 44.82303 24.93152
41.19858 44.82303 24.93152
41.19858 44.82303 24.93152
41.19858 44.82303 24.93152
41.19858 44.82303 24.93152
41.19858 44.82303 24.93152
41.19858 44.82303 24.93152
41.19858 44.82303 24.93152
41.19858 44.82303 24.93152
41.19858 44.82303 24.93152
41.19858 44.82303 24.93152
41.19858 44.82303 24.93152
41.19858 44.82303 24.93152
41.19858 44.82303 24.93152
41.19858 44.82303 24.93152
41.19657 44.89613 24.94458
41.19657 44.89613 24.94458
41.19657 44.89613 24.94458
41.19657 44.89613 24.94458
41.19657 44.89613 24.94458
41.19657 44.89613 24.94458
41.19657 44.89613 24.94458
41.19657 44.89613 24.94458
41.19657 44.89613 24.94458
41.19657 44.89613 24.94458
41.19657 44.89613 24.94458
41.19657 44.89613 24.94458
41.19657 44.89613 24.94458
41.19657 44.89613 24.94458
41.19657 44.89613 24.94458
41.19657 44.89613 24.94458
41.19858 44.82303 24.93152
41.19858 44.82303 24.93152
41.19858 44.82303 24.93152
41.19858 44.82303 24.93152
41.19858 44.82303 24.93152
41.19858 44.82303 24.93152
41.19858 44.82303 24.93152
41.19657 44.89613 24.94458
41.19657 44.89613 24.94458
41.19657 44.89613 24.94458
41.19657 44.89613 24.94458
41.19657 44.89613 24.94458
41.19657 44.89613 24.94458
41.19657 44.89613 24.94458
41.19657 44.89613 24.94458
41.19657 44.89613 24.94458
41.19657 44.89613 24.94458
41.19657 44.89613 24.94458
41.19657 44.89613 24.94458
41.19657 44.89613 24.94458
41.19657 44.89613 24.94458
41.19657 44.89613 24.94458
41.19657 44.89613 24.94458
41.19657 44.89613 24.94458
41.19657 44.89613 24.94458
41.19657 44.89613 24.94458
41.19657 44.89613 24.94458
41.19657 44.89613 24.94458
41.19657 44.89613 24.94458
41.19657 44.89613 24.94458
41.19657 44.89613 24.94458
41.19657 44.89613 24.94458
41.19657 44.89613 24.94458
41.19657 44.89613 24.94458
41.19657 44.89613 24.94458
41.19657 44.89613 24.94458
41.19657 44.89613 24.94458
41.19657 44.89613 24.94458
41.19657 44.89613 24.94458
