38.70906 47.77153 27.07957
38.70906 47.77153 27.07957
38.70906 47.77153 27.07957
38.74554 47.71554 27.00381
38.70906 47.77153 27.07957
38.74554 47.71554 27.00381
38.74554 47.71554 27.00381
38.74554 47.71554 27.00381
38.74554 47.71554 27.00381
38.74554 47.71554 27.00381
38.74554 47.71554 27.00381
38.74554 47.71554 27.00381
38.74554 47.71554 27.00381
38.74554 47.71554 27.00381
38.74554 47.71554 27.00381
38.74554 47.71554 27.00381
38.74554 47.71554 27.00381
38.74554 47.71554 27.00381
38.74554 47.71554 27.00381
38.74554 47.71554 27.00381
38.74554 47.71554 27.00381
38.74554 47.71554 27.00381
38.74554 47.71554 27.00381
38.74554 47.71554 27.00381
38.74554 47.71554 27.00381
38.74554 47.71554 27.00381
38.74554 47.71554 27.00381
38.74554 47.71554 27.00381
38.74554 47.71554 27.00381
38.74554 47.71554 27.00381
38.74554 47.71554 27.00381
38.74554 47.71554 27.00381
38.74554 47.71554 27.00381
38.74554 47.71554 27.00381
38.74554 47.71554 27.00381
38.74554 47.71554 27.00381
38.74554 47.71554 27.00381
38.74554 47.71554 27.00381
38.74554 47.71554 27.00381
38.74554 47.71554 27.00381
38.74554 47.71554 27.00381
38.74554 47.71554 27.00381
38.74554 47.71554 27.00381
38.74554 47.71554 27.00381
38.74554 47.71554 27.00381
38.78435 47.63329 26.87405
38.78435 47.63329 26.87405
38.78435 47.63329 26.87405
38.78435 47.63329 26.87405
38.78435 47.63329 26.87405
38.78435 47.63329 26.87405
38.78435 47.63329 26.87405
38.78435 47.63329 26.87405
38.78435 47.63329 26.87405
38.78435 47.63329 26.87405
38.78435 47.63329 26.87405
38.78435 47.63329 26.87405
38.78435 47.63329 26.87405
38.82846 47.56098 26.76902
38.82846 47.56098 26.76902
38.82846 47.56098 26.76902
38.82846 47.56098 26.76902
38.82846 47.56098 26.76902
38.82846 47.56098 26.76902
38.82846 47.56098 26.76902
38.8663 47.49829 26.67185
38.8663 47.49829 26.67185
38.8663 47.49829 26.67185
38.8663 47.49829 26.67185
38.8663 47.49829 26.67185
38.8663 47.49829 26.67185
38.9107 47.4453 26.58588
38.9107 47.4453 26.58588
38.9107 47.4453 26.58588
38.9107 47.4453 26.58588
38.9107 47.4453 26.58588
38.9107 47.4453 26.58588
38.9107 47.4453 26.58588
38.9107 47.4453 26.58588
38.9107 47.4453 26.58588
38.9107 47.4453 26.58588
38.9107 47.4453 26.58588
38.9107 47.4453 26.58588
38.9107 47.4453 26.58588
38.9107 47.4453 26.58588
38.9107 47.4453 26.58588
