0.37398 39.87074 13.31462
0.37398 39.87074 13.31462
0.37398 39.87074 13.31462
0.37398 39.87074 13.31462
0.37398 39.87074 13.31462
0.37398 39.87074 13.31462
0.37398 39.87074 13.31462
0.37398 39.87074 13.31462
0.37398 39.87074 13.31462
0.37398 39.87074 13.31462
0.37398 39.87074 13.31462
0.37398 39.87074 13.31462
0.37398 39.87074 13.31462
0.37398 39.87074 13.31462
0.37398 39.87074 13.31462
0.37398 39.87074 13.31462
0.37398 39.87074 13.31462
0.37398 39.87074 13.31462
0.37398 39.87074 13.31462
0.37398 39.87074 13.31462
0.37398 39.87074 13.31462
0.37398 39.87074 13.31462
0.37398 39.87074 13.31462
0.37398 39.87074 13.31462
0.37398 39.87074 13.31462
0.37398 39.87074 13.31462
0.37398 39.87074 13.31462
0.37398 39.87074 13.31462
0.37398 39.87074 13.31462
0.37398 39.87074 13.31462
0.37398 39.87074 13.31462
0.37398 39.87074 13.31462
0.37398 39.87074 13.31462
0.37398 39.87074 13.31462
0.37398 39.87074 13.31462
0.37398 39.87074 13.31462
0.37398 39.87074 13.31462
0.37398 39.87074 13.31462
0.37398 39.87074 13.31462
0.37398 39.87074 13.31462
0.33884 39.66604 13.04492
0.33884 39.66604 13.04492
0.33884 39.66604 13.04492
0.33884 39.66604 13.04492
0.33884 39.66604 13.04492
0.33884 39.66604 13.04492
0.33884 39.66604 13.04492
0.33884 39.66604 13.04492
0.33884 39.66604 13.04492
0.33884 39.66604 13.04492
0.33884 39.66604 13.04492
0.33884 39.66604 13.04492
0.33884 39.66604 13.04492
0.33884 39.66604 13.04492
0.33884 39.66604 13.04492
0.33884 39.66604 13.04492
0.33884 39.66604 13.04492
0.33884 39.66604 13.04492
0.33884 39.66604 13.04492
0.33884 39.66604 13.04492
0.33884 39.66604 13.04492
0.33884 39.66604 13.04492
0.33884 39.66604 13.04492
0.33884 39.66604 13.04492
0.33884 39.66604 13.04492
0.33884 39.66604 13.04492
0.33884 39.66604 13.04492
0.33884 39.66604 13.04492
0.33884 39.66604 13.04492
0.33884 39.66604 13.04492
0.33884 39.66604 13.04492
0.33884 39.66604 13.04492
0.33884 39.66604 13.04492
0.33884 39.66604 13.04492
0.33884 39.66604 13.04492
0.33884 39.66604 13.04492
0.37398 39.87074 13.31462
0.33884 39.66604 13.04492
0.33884 39.66604 13.04492
0.33884 39.66604 13.04492
0.33884 39.66604 13.04492
0.33884 39.66604 13.04492
0.33884 39.66604 13.04492
0.33884 39.66604 13.04492
0.33884 39.66604 13.04492
0.33884 39.66604 13.04492
